重投影误差1：0.351176像素

重投影误差2：0.351176像素

重投影误差3：0.048725像素

相机内参数矩阵：
[524.0853070121645, 0, 308.7750665052445;
 0, 523.696539592652, 179.9854614487641;
 0, 0, 1]

畸变系数：
[0.2330832142391574, -0.6430221823955254, -0.0006039662413545689, 0.00200720523903366, 0]


第1幅图像的旋转向量：
[2.111741969979498;
 2.098584246274818;
 -0.2566594216201857]
第1幅图像的旋转矩阵：
[0.004703938569968757, 0.9998993493450228, -0.01338522100415265;
 0.9736538094568141, -0.007631315020737772, -0.2279035374040691;
 -0.2279827456018627, -0.01196052718128729, -0.973591707800237]
第1幅图像的平移向量：
[-89.98445070608565;
 -42.48028316430173;
 275.1667565503018]

第2幅图像的旋转向量：
[2.076624778634466;
 2.060144314809902;
 -0.3041117864841975]
第2幅图像的旋转矩阵：
[0.007250688782160064, 0.9999615030782897, -0.004941646850111669;
 0.9587389845134034, -0.008356082658328545, -0.2841649792933932;
 -0.2841953326259805, -0.002677357655254481, -0.9587626633685701]
第2幅图像的平移向量：
[-89.07070041097829;
 -40.51981019762116;
 279.9363631224925]

第3幅图像的旋转向量：
[2.065547546091874;
 2.045572744836605;
 -0.3250930057733036]
第3幅图像的旋转矩阵：
[0.008943419547964848, 0.9999477643817241, -0.004948106181268674;
 0.9522143509265804, -0.01002706444378321, -0.3052659297532421;
 -0.3052995989782171, -0.001981536432229702, -0.9522542876653839]
第3幅图像的平移向量：
[-87.63670504092592;
 -47.2995622316251;
 282.3765586904952]

第4幅图像的旋转向量：
[2.109452147450676;
 2.091362500189652;
 -0.2437749430813461]
第4幅图像的旋转矩阵：
[0.008331369999974303, 0.9999623266410043, -0.002435892574216517;
 0.9737141055691507, -0.008667129355977243, -0.2276087025673567;
 -0.2276212399790323, -0.0004755706428630074, -0.9737496315495947]
第4幅图像的平移向量：
[-88.32323779222175;
 -45.27794121190684;
 279.5628058678278]

第5幅图像的旋转向量：
[2.187803647342644;
 2.18728703067143;
 -0.08467265549072216]
第5幅图像的旋转矩阵：
[3.466434420407172e-05, 0.999984248876012, -0.005612557194452208;
 0.9974255442643118, -0.0004370494047039042, -0.07170838609855162;
 -0.07170970957565191, -0.005595622190213027, -0.9974098488409265]
第5幅图像的平移向量：
[-84.78673955401709;
 -52.35532597156412;
 265.7237058861734]

第6幅图像的旋转向量：
[-2.185848529018577;
 -2.195829429896288;
 -0.09255334725680787]
第6幅图像的旋转矩阵：
[-0.005002222777971466, 0.9999102559005837, 0.01242810975606446;
 0.9974095187204286, 0.004097101415201032, 0.07181549781124374;
 0.07175813356799871, 0.01275515208936367, -0.9973405017154444]
第6幅图像的平移向量：
[-84.60334620985621;
 -49.50229709156143;
 254.6460331716586]

第7幅图像的旋转向量：
[-2.062002154420938;
 -2.017653850298865;
 -0.3816730404761079]
第7幅图像的旋转矩阵：
[0.0174491273986217, 0.9995526690900426, 0.0242897029211652;
 0.9393601013958169, -0.02471014066139143, 0.3420409461660034;
 0.3424881426541176, 0.0168484617537043, -0.9393710669793204]
第7幅图像的平移向量：
[-80.49112269168535;
 -29.61157944200088;
 241.1358344816166]

第8幅图像的旋转向量：
[-1.990911428443455;
 -1.932722472741656;
 -0.5228882037592585]
第8幅图像的旋转矩阵：
[0.01955690087050033, 0.9989852423727699, 0.04057108760878872;
 0.8831740565832222, -0.03628163052616595, 0.467640063579564;
 0.468637507468915, 0.0266857416569474, -0.8829874052247525]
第8幅图像的平移向量：
[-85.98148349079113;
 -32.51914154261432;
 230.7753410788171]

第9幅图像的旋转向量：
[-1.965550717433489;
 -1.914548227208704;
 -0.5644563775428142]
第9幅图像的旋转矩阵：
[0.01372328573984105, 0.9988207914800893, 0.04656928102934937;
 0.864331971700159, -0.0352661103648213, 0.5016837092797128;
 0.5027344369798212, 0.03336656959928747, -0.8637967109845683]
第9幅图像的平移向量：
[-87.3288307138385;
 -34.59200281291128;
 226.313658314027]

第10幅图像的旋转向量：
[-2.002299756026932;
 -1.941335752802957;
 -0.5032977438500477]
第10幅图像的旋转矩阵：
[0.02190715968209733, 0.9990514564833696, 0.03763327853270654;
 0.8914965122371311, -0.03655814320834494, 0.4515500756662413;
 0.4524975635555324, 0.02365775694387276, -0.8914517740812968]
第10幅图像的平移向量：
[-86.98752357787411;
 -35.28967363238409;
 231.6962031221111]

第11幅图像的旋转向量：
[-2.153566179888347;
 -2.054462290970129;
 -0.2970440880721585]
第11幅图像的旋转矩阵：
[0.04219081853742457, 0.9983386550462959, 0.03924110945800587;
 0.9685682491828492, -0.05050641620765861, 0.2435665178072077;
 0.2451437976086937, 0.02773142192913708, -0.9690900302509442]
第11幅图像的平移向量：
[-76.48385589105663;
 -32.91355297196973;
 239.4126688080623]

第12幅图像的旋转向量：
[2.18693630337517;
 2.103674688001055;
 0.2248061705039136]
第12幅图像的旋转矩阵：
[0.03548318033190323, 0.9840837617881552, 0.1741266599300821;
 0.998656809838682, -0.04149810458420378, 0.03102391784968875;
 0.03775606012760499, 0.1727919474419783, -0.9842344348898027]
第12幅图像的平移向量：
[-91.37847350755816;
 -59.89924535305977;
 238.535748690327]

第13幅图像的旋转向量：
[2.097888769349284;
 1.951578183751381;
 0.2724098038786866]
第13幅图像的旋转矩阵：
[0.07872885544827724, 0.9467700384499838, 0.3121350054274926;
 0.9960547713791625, -0.0618463866540877, -0.06363895717748269;
 -0.04094703569989763, 0.3159137837310199, -0.9479039094318271]
第13幅图像的平移向量：
[-52.87345396619867;
 -48.67612270839683;
 264.2027713541759]

第14幅图像的旋转向量：
[1.986634940190502;
 1.863004042887231;
 0.459393831534694]
第14幅图像的旋转矩阵：
[0.06908322277857559, 0.8741579520021509, 0.4807030094371482;
 0.9974262484421598, -0.05125248944323801, -0.05014041528018992;
 -0.01919341681735792, 0.4829296607967625, -0.8754487737575506]
第14幅图像的平移向量：
[-55.03073266815932;
 -42.64022384540039;
 256.2515501567107]

第15幅图像的旋转向量：
[1.895488179903611;
 1.787896631079308;
 0.5957421085734608]
第15幅图像的旋转矩阵：
[0.05940302930856955, 0.7968651936939922, 0.6012296925368881;
 0.9982293008016768, -0.04555582585209095, -0.03824826469173104;
 -0.003089195681718782, 0.6024371583907899, -0.798160339192615]
第15幅图像的平移向量：
[-47.74187017195163;
 -49.07099671829531;
 229.9170566285884]

第16幅图像的旋转向量：
[1.804640242409907;
 1.756406980319816;
 0.6861902531188305]
第16幅图像的旋转矩阵：
[0.02810246033623132, 0.733109560357186, 0.679529708133459;
 0.999601674661365, -0.01884420738680115, -0.02100923278365363;
 -0.002596870663906736, 0.6798494453633516, -0.7333471128339555]
第16幅图像的平移向量：
[-48.44547681542284;
 -45.52057896923031;
 231.0636907496049]

第17幅图像的旋转向量：
[1.756120886501145;
 1.676389421965524;
 0.7512984913820384]
第17幅图像的旋转矩阵：
[0.04630203134941979, 0.6649871198845698, 0.7454181727597884;
 0.9989274438448592, -0.03103959477381391, -0.03435848497609878;
 0.0002895280516472809, 0.7462095375589231, -0.665711080146339]
第17幅图像的平移向量：
[-86.6090276117211;
 -52.06240707078588;
 234.0595345047685]

第18幅图像的旋转向量：
[1.709691258566659;
 1.643772608386135;
 0.7602019580432989]
第18幅图像的旋转矩阵：
[0.05062174303604539, 0.6284940262446079, 0.7761653806418027;
 0.9984353940686415, -0.01336370623299121, -0.05429710145776501;
 -0.02375295777348785, 0.7776996016011325, -0.6281871748662581]
第18幅图像的平移向量：
[-117.8614501263895;
 -53.32854513057795;
 239.6206723509432]

第19幅图像的旋转向量：
[1.687471330858944;
 1.644975575823471;
 0.7628573093270287]
第19幅图像的旋转矩阵：
[0.04228910314725387, 0.6186143527368956, 0.7845558707593184;
 0.9985055436115361, 0.001038988834545229, -0.05464064310778349;
 -0.03461663085904521, 0.7856940900185728, -0.6176459226594597]
第19幅图像的平移向量：
[-112.9721403883663;
 -50.93748548185902;
 245.5185484692356]

第20幅图像的旋转向量：
[1.765050217563534;
 1.731878343063367;
 0.6263426643427364]
第20幅图像的旋转矩阵：
[0.04585675756174812, 0.723194836749095, 0.6891200083333618;
 0.9966909243282129, 0.01322413847303039, -0.08020176758287989;
 -0.06711452262882611, 0.6905174510909161, -0.7201953141969261]
第20幅图像的平移向量：
[-76.43806702627087;
 -52.35385639447296;
 260.4738847193437]

第21幅图像的旋转向量：
[2.028947277085694;
 1.910542263242885;
 0.2661586374819201]
第21幅图像的旋转矩阵：
[0.0779740026891883, 0.9286413913630607, 0.3626916336943907;
 0.9924122155919672, -0.03760850744405519, -0.1170623530930151;
 -0.09506865544683923, 0.3690674280061977, -0.9245275465536007]
第21幅图像的平移向量：
[-42.67692747502413;
 -53.16419875631784;
 294.2664082730508]

第22幅图像的旋转向量：
[2.178453481472076;
 2.07579102435104;
 0.0498671216268855]
第22幅图像的旋转矩阵：
[0.05209494692949668, 0.9920293434385822, 0.1147340327070766;
 0.9963943518653769, -0.0439293453574443, -0.07258448999091902;
 -0.06696575300247423, 0.1181016273100501, -0.9907409316019651]
第22幅图像的平移向量：
[0.0146657327168688;
 -49.97956882839931;
 319.3240960135824]

第23幅图像的旋转向量：
[-2.256301438422893;
 -2.125193618752133;
 0.1788486046675074]
第23幅图像的旋转矩阵：
[0.05659644826594568, 0.9924372349365518, -0.1089273921250817;
 0.9966835619349674, -0.06255147037158371, -0.05204988878930118;
 -0.058469816249975, -0.1056203023374015, -0.9926860693702969]
第23幅图像的平移向量：
[6.767999154564406;
 -55.94813605793875;
 352.282605225094]

第24幅图像的旋转向量：
[-2.067198164518328;
 -2.001407994058727;
 0.4615086897915484]
第24幅图像的旋转矩阵：
[0.01923998332209786, 0.9261355101159621, -0.3766999335598721;
 0.9975746829334025, -0.04298984078657708, -0.05474144279671628;
 -0.06689226421707362, -0.3747330923355868, -0.9247164616770494]
第24幅图像的平移向量：
[44.66052644226132;
 -56.05239332524077;
 382.3241284383698]

第25幅图像的旋转向量：
[-2.023378619320263;
 -1.95042786363038;
 0.5453630056951727]
第25幅图像的旋转矩阵：
[0.01840427927680843, 0.8920448519910972, -0.4515719926440113;
 0.9968922272392141, -0.05097295072192398, -0.06006367924744238;
 -0.07659745279276967, -0.4490631807784758, -0.890210699719329]
第25幅图像的平移向量：
[18.80357420149963;
 -48.26239315163605;
 391.5368851641895]

第26幅图像的旋转向量：
[-1.96602758002594;
 -1.895861349581998;
 0.6424142184240673]
第26幅图像的旋转矩阵：
[0.01043317412427203, 0.8450417292214305, -0.5345985641134356;
 0.9959568194294013, -0.0564867124506947, -0.0698517369045569;
 -0.08922534791057707, -0.5317083102519341, -0.8422144086272031]
第26幅图像的平移向量：
[-1.960185917958096;
 -52.62107722699736;
 382.4314453022463]

第27幅图像的旋转向量：
[-1.945774721911277;
 -1.821243447528505;
 0.6853382864954002]
第27幅图像的旋转矩阵：
[0.0374240182297465, 0.806206625707042, -0.5904492522864306;
 0.9954593634114756, -0.08182638950582288, -0.04863227094081712;
 -0.08752198955667817, -0.5859482218135889, -0.8056082066969862]
第27幅图像的平移向量：
[-25.69271805970907;
 -47.90798448880351;
 361.436954300172]

第28幅图像的旋转向量：
[-1.949888845020076;
 -1.795186685287563;
 0.6604688986830229]
第28幅图像的旋转矩阵：
[0.05985336338168978, 0.80301219768387, -0.5929493951955944;
 0.9958289617200644, -0.08901427708491993, -0.02002841667701438;
 -0.06886402465321401, -0.5892774124688395, -0.8049906069405971]
第28幅图像的平移向量：
[-53.930978856555;
 -49.62001595639377;
 347.168925283196]

第29幅图像的旋转向量：
[-2.027091988204874;
 -1.871727038445564;
 0.5617213686330514]
第29幅图像的旋转矩阵：
[0.06196426752581374, 0.8680852045401702, -0.4925327473462457;
 0.995837328776605, -0.08682377064164692, -0.027742520913624;
 -0.06684642223085396, -0.4887634504645554, -0.8698516225914145]
第29幅图像的平移向量：
[-104.9872132119885;
 -40.29922826577639;
 324.5190050747199]

第30幅图像的旋转向量：
[-1.941276144009217;
 -1.866669280706664;
 0.586714678488103]
第30幅图像的旋转矩阵：
[0.02902872094627251, 0.8389922916322156, -0.5433684458467816;
 0.9989889067216097, -0.04301993234003088, -0.01305563742687804;
 -0.03432925293953198, -0.5424400612078559, -0.8393928057765513]
第30幅图像的平移向量：
[-44.75662148282028;
 -41.89391275225467;
 319.4492314011616]

第31幅图像的旋转向量：
[-1.92340377505323;
 -1.846856245021385;
 0.6394105954454334]
第31幅图像的旋转矩阵：
[0.02400570388075252, 0.8169584864806155, -0.5761966309763464;
 0.9983434027852468, -0.04973678514808777, -0.02892580713321175;
 -0.05228935165370147, -0.5745477208817691, -0.8167990818635881]
第31幅图像的平移向量：
[-21.55485773105108;
 -42.73780860396545;
 324.4878400339173]

第32幅图像的旋转向量：
[-2.22011856106284;
 -2.171925352778485;
 0.3530766610702308]
第32幅图像的旋转矩阵：
[0.008965916668835838, 0.9851626197810928, -0.171389103867024;
 0.9887220875833473, -0.03435755357908721, -0.1457675959769105;
 -0.149493297050788, -0.1681492524458976, -0.9743600890013766]
第32幅图像的平移向量：
[-77.67331961319687;
 -42.03908041786431;
 304.359517446738]

第33幅图像的旋转向量：
[2.174012128147129;
 2.095737783490394;
 -0.2862809629491735]
第33幅图像的旋转矩阵：
[0.03027087680460272, 0.997729460955332, -0.06016308468872533;
 0.9773119750027677, -0.04216757978537222, -0.2075649265440414;
 -0.2096305739477655, -0.05251493079902578, -0.976369399617534]
第33幅图像的平移向量：
[-61.58774100935292;
 -16.84060560572919;
 312.8687799739717]

第34幅图像的旋转向量：
[2.058117330567938;
 2.033762199570519;
 -0.4004852246684211]
第34幅图像的旋转矩阵：
[0.005081239705197138, 0.9992441528841497, -0.03853964101929666;
 0.9392536232608885, -0.01799570553899421, -0.3427517844934531;
 -0.3431862645770529, -0.03445689349015296, -0.9386351316122028]
第34幅图像的平移向量：
[-80.38937288920489;
 -31.75038417429933;
 331.096850453997]

第35幅图像的旋转向量：
[1.978259205076411;
 1.894122065859104;
 -0.5442129853933931]
第35幅图像的旋转矩阵：
[0.03386608955676618, 0.9987880071634085, -0.03571560897815365;
 0.86541937348241, -0.04718127941030958, -0.4988218468296264;
 -0.4999023864510411, -0.01401583460781289, -0.8659683368350142]
第35幅图像的平移向量：
[-72.97358311317724;
 -35.40859327154901;
 310.1948276869641]

第36幅图像的旋转向量：
[1.892954485585323;
 1.857381562063518;
 -0.5874818072378815]
第36幅图像的旋转矩阵：
[0.01712377918729147, 0.9998360012204092, -0.005894645869537529;
 0.8213664027158839, -0.01742849682152992, -0.5701346156725714;
 -0.5701438491081998, 0.004921195192662209, -0.8215301413593796]
第36幅图像的平移向量：
[-72.85500158750155;
 -46.66571465215384;
 284.3583337000046]

第37幅图像的旋转向量：
[1.888536538410593;
 1.828991849584013;
 -0.6070075074785466]
第37幅图像的旋转矩阵：
[0.02912273645720898, 0.9995363528112352, -0.00888513534268387;
 0.8065073733002107, -0.02874792240279511, -0.590524693615701;
 -0.5905063276829797, 0.01003176785699922, -0.8069706565916908]
第37幅图像的平移向量：
[-73.45971583162071;
 -46.5492896283587;
 266.169312841346]

第38幅图像的旋转向量：
[1.884584372596455;
 1.813955534155276;
 -0.6169407506228111]
第38幅图像的旋转矩阵：
[0.03497557482613656, 0.9993422939695159, -0.009575419015755926;
 0.7979559777637718, -0.0336933601218482, -0.6017732255881467;
 -0.6017000637499088, 0.01340660163670837, -0.7986096019432212]
第38幅图像的平移向量：
[-73.69243307006691;
 -47.08429672653889;
 256.6773188788886]


