重投影误差1：0.396681像素

重投影误差2：0.396681像素

重投影误差3：0.0549324像素

相机内参数矩阵：
[524.8613236457766, 0, 310.4534996331218;
 0, 524.4623259771732, 178.4944577432745;
 0, 0, 1]

畸变系数：
[0.2403258568495977, -0.6689555034264386, -0.001453848947691478, 0.002469175903277407, 0]


第1幅图像的旋转向量：
[2.110861908579883;
 2.096974974710747;
 -0.2574546441754462]
第1幅图像的旋转矩阵：
[0.005124830581133, 0.9999064326974358, -0.01268313690701403;
 0.9732779062763874, -0.00789933344348126, -0.229494482908412;
 -0.2295731980562308, -0.01116809658966496, -0.9732273220336544]
第1幅图像的平移向量：
[-90.84027926649898;
 -41.6908289809002;
 275.6580254893815]

第2幅图像的旋转向量：
[2.078311881210613;
 2.063351968881033;
 -0.3035933564573408]
第2幅图像的旋转矩阵：
[0.006247396173328035, 0.9999573779030804, -0.006797971627582333;
 0.9595367373012778, -0.007908384544640934, -0.2814723915823945;
 -0.2815141556125947, -0.004764433973727694, -0.959545246644804]
第2幅图像的平移向量：
[-90.6528747246321;
 -36.3938864815919;
 280.4919636507661]

第3幅图像的旋转向量：
[2.069103981099028;
 2.046064678746912;
 -0.3207949255669668]
第3幅图像的旋转矩阵：
[0.01047695269098692, 0.9999342416668294, -0.004663239699311844;
 0.9533802346221548, -0.01139549880512281, -0.3015564140236235;
 -0.3015897241189019, -0.001286448275240021, -0.9534369320289201]
第3幅图像的平移向量：
[-89.90510019287876;
 -43.72965957083955;
 282.1318618389377]

第4幅图像的旋转向量：
[2.06967151159459;
 2.048542355945861;
 -0.3191938594021488]
第4幅图像的旋转矩阵：
[0.009490750281979432, 0.9999423261164332, -0.005026937431631934;
 0.9540687088376721, -0.01056051051628615, -0.2994016941075185;
 -0.2994375134746843, -0.001954496992028737, -0.9541139111582045]
第4幅图像的平移向量：
[-88.0346902756685;
 -46.36046181001702;
 283.3094753273319]

第5幅图像的旋转向量：
[2.108555253951179;
 2.089778666944012;
 -0.2444454359071672]
第5幅图像的旋转矩阵：
[0.008750816630666125, 0.9999603183569227, -0.001668807903371164;
 0.9733510283610013, -0.00890037264208654, -0.2291474611585588;
 -0.2291532212230011, 0.0003808915250979039, -0.9733902897218404]
第5幅图像的平移向量：
[-89.1947182197454;
 -44.47706793058386;
 280.0672343462724]

第6幅图像的旋转向量：
[2.157034131764749;
 2.147519242449238;
 -0.14802325616476]
第6幅图像的旋转矩阵：
[0.004263628449090895, 0.9999882197556429, -0.00231987551142207;
 0.990849539961409, -0.00453760681766624, -0.1348947711463745;
 -0.1349037087359446, -0.001723506399367025, -0.9908572141812253]
第6幅图像的平移向量：
[-86.73242068188235;
 -49.14690490342774;
 270.8152051254284]

第7幅图像的旋转向量：
[2.210291414372008;
 2.213601183041981;
 0.008380692217047193]
第7幅图像的旋转矩阵：
[-0.001458416208733437, 0.9999107641335642, 0.01327918642063813;
 0.9999826480593473, 0.001534056197966982, -0.005687728175386484;
 -0.005707591644267236, 0.01327066092602159, -0.999895651033751]
第7幅图像的平移向量：
[-85.95298545247971;
 -49.18908734878405;
 260.2116945758359]

第8幅图像的旋转向量：
[-2.175114229880339;
 -2.187140386274765;
 -0.1234984151410435]
第8幅图像的旋转矩阵：
[-0.006356808170822181, 0.9998228141958012, 0.01771810383386989;
 0.9954620274147903, 0.004644745861978383, 0.09504619040820744;
 0.09494705348305947, 0.01824188996420231, -0.99531517143336]
第8幅图像的平移向量：
[-85.50072924722858;
 -43.84127609053365;
 254.0061256996852]

第9幅图像的旋转向量：
[-2.077555370668615;
 -2.04670578675195;
 -0.3465083943402405]
第9幅图像的旋转矩阵：
[0.01126137570916275, 0.9996599706180233, 0.02351860032207903;
 0.9516924191097796, -0.01793259399240887, 0.3065288917568432;
 0.3068464124380667, 0.01893053661880831, -0.9515707614030665]
第9幅图像的平移向量：
[-81.88748636396032;
 -33.91058733384256;
 240.8573957049589]

第10幅图像的旋转向量：
[-2.018181030594656;
 -1.969263123541565;
 -0.4810459220947136]
第10幅图像的旋转矩阵：
[0.01526863901444031, 0.9990149580527801, 0.04166512029803127;
 0.9057130143142498, -0.03147274600761829, 0.4227214235883202;
 0.4236163410026139, 0.0312822608764555, -0.9053013950005901]
第10幅图像的平移向量：
[-84.82538926952692;
 -33.67861407163053;
 234.649971823998]

第11幅图像的旋转向量：
[-1.974894643177333;
 -1.926132622533203;
 -0.5443707345937135]
第11幅图像的旋转矩阵：
[0.01387617440385869, 0.9989864043011834, 0.0428207403638306;
 0.8736145479491617, -0.03294537760828375, 0.4855020326485048;
 0.4864206753371981, 0.03067191085733781, -0.87318621180643]
第11幅图像的平移向量：
[-86.03780853844559;
 -32.04144336710264;
 228.7706957187801]

第12幅图像的旋转向量：
[-1.96724568955321;
 -1.917584007064479;
 -0.5645424106361131]
第12幅图像的旋转矩阵：
[0.01257905277516891, 0.9987497472771979, 0.04838088201978624;
 0.8656439121025156, -0.03509565438737161, 0.4994285859689794;
 0.5005021327338492, 0.0355982774422462, -0.8650031085331504]
第12幅图像的平移向量：
[-88.05790247449303;
 -33.95296350740957;
 226.7044178696828]

第13幅图像的旋转向量：
[-1.991452231451663;
 -1.937758000289875;
 -0.5234101574878799]
第13幅图像的旋转矩阵：
[0.01677647497678858, 0.9989494622338417, 0.04264412960855932;
 0.8845654085960133, -0.03471110980201009, 0.4651227545193642;
 0.4661143505650959, 0.02991840167908752, -0.884218469292656]
第13幅图像的平移向量：
[-88.54928699610991;
 -36.09360677984651;
 229.4763153376186]

第14幅图像的旋转向量：
[-2.05733656874425;
 -1.975755504441898;
 -0.4126308446495869]
第14幅图像的旋转矩阵：
[0.03553244649945486, 0.9990537996272764, 0.02507888945038847;
 0.9255820368301706, -0.04236218547874904, 0.3761692947846439;
 0.37687575982421, 0.009846354237256133, -0.9262114828510597]
第14幅图像的平移向量：
[-79.7063979234715;
 -36.90444318378153;
 236.0244080264004]

第15幅图像的旋转向量：
[-2.19526123352389;
 -2.075303220646007;
 -0.2814661059181505]
第15幅图像的旋转矩阵：
[0.04979951937154592, 0.9969299836437105, 0.06042032425032316;
 0.9770094563283932, -0.06118198424143895, 0.2042285167384274;
 0.2072981671777656, 0.04886074617145608, -0.9770568547266365]
第15幅图像的平移向量：
[-77.08250892220647;
 -37.21663772871219;
 238.5559210823597]

第16幅图像的旋转向量：
[2.185676407887442;
 2.102942844257808;
 0.2245180227848063]
第16幅图像的旋转矩阵：
[0.03533499428350639, 0.9839312873126795, 0.1750161707562998;
 0.998703000566026, -0.04118915415366964, 0.02992942098540922;
 0.03665726175536302, 0.1737316189624644, -0.9841105475165276]
第16幅图像的平移向量：
[-92.16731585163996;
 -59.202836781381;
 239.0370489791761]

第17幅图像的旋转向量：
[2.103634667390299;
 1.958786642528781;
 0.2577537332849138]
第17幅图像的旋转矩阵：
[0.07790956690659923, 0.9508349135576359, 0.2997383301219064;
 0.9960085130244629, -0.06109885583413488, -0.06506897723614356;
 -0.04355618632552971, 0.3036114243166789, -0.951799853780811]
第17幅图像的平移向量：
[-62.75459455386257;
 -53.59813247833775;
 258.3884526535189]

第18幅图像的旋转向量：
[2.035822082040697;
 1.923988020324955;
 0.3769125556431615]
第18幅图像的旋转矩阵：
[0.06136086395717555, 0.9151468292557394, 0.3984232991148932;
 0.9978350182078297, -0.04677932563777609, -0.04622738507697732;
 -0.0236668716270072, 0.4003972722135374, -0.9160359728697063]
第18幅图像的平移向量：
[-53.65998200600713;
 -44.00863330221228;
 263.5393147083199]

第19幅图像的旋转向量：
[1.961304571691227;
 1.845503254652544;
 0.4975594916249247]
第19幅图像的旋转矩阵：
[0.06478247815267135, 0.855308280221096, 0.5140534761186129;
 0.9977948548000916, -0.0480630078494354, -0.04577526636655216;
 -0.01444500809492003, 0.5158853487565777, -0.8565358420284827]
第19幅图像的平移向量：
[-53.70314300220753;
 -44.45889915195657;
 251.7151487355936]

第20幅图像的旋转向量：
[1.891895867622737;
 1.786122862314703;
 0.5955706410938498]
第20幅图像的旋转矩阵：
[0.05933172342442172, 0.7951320145112951, 0.60352698870448;
 0.998222921550313, -0.04390078476811055, -0.04029540902263595;
 -0.005544861318863892, 0.6048452699624538, -0.7963237117636275]
第20幅图像的平移向量：
[-48.47505610838852;
 -48.41888124742071;
 230.3778788240151]

第21幅图像的旋转向量：
[1.821336724338108;
 1.75682983910934;
 0.6563935325579602]
第21幅图像的旋转矩阵：
[0.04063284079632445, 0.7464191469764232, 0.6642344685996122;
 0.9991012832625494, -0.02232381087597468, -0.03603155909894379;
 -0.01206640095254291, 0.665101574569601, -0.7466554074491727]
第21幅图像的平移向量：
[-49.1230750538189;
 -44.36602067905005;
 231.4392034982536]

第22幅图像的旋转向量：
[1.753904070187619;
 1.684048359595952;
 0.7368301021721968]
第22幅图像的旋转矩阵：
[0.04479254301792845, 0.6710152951775582, 0.7400892525417198;
 0.9989518951248247, -0.02309957013199637, -0.03951608642361032;
 -0.009420154802776581, 0.7410835873890957, -0.6713466892641985]
第22幅图像的平移向量：
[-70.54683021096994;
 -49.04296915192503;
 227.3421233988018]

第23幅图像的旋转向量：
[1.747086932432409;
 1.657224314689041;
 0.7549565681746531]
第23幅图像的旋转矩阵：
[0.05484696081126483, 0.6518325529763519, 0.756376978609277;
 0.9984843274953327, -0.03233966281151213, -0.04453306586605749;
 -0.004567125568722075, 0.7576730621379968, -0.6526183205170313]
第23幅图像的平移向量：
[-96.90339393461871;
 -50.15354706000073;
 237.3585795738299]

第24幅图像的旋转向量：
[1.706048859113007;
 1.641684054037906;
 0.7597618151525392]
第24幅图像的旋转矩阵：
[0.05103233204287827, 0.6260788232183604, 0.7780880465627136;
 0.9983503371854253, -0.0114545704865977, -0.05626186147574536;
 -0.02631169565067698, 0.7796756376420142, -0.6256305577091843]
第24幅图像的平移向量：
[-118.6376335499796;
 -52.61559768459329;
 240.0255183633247]

第25幅图像的旋转向量：
[1.686879257857967;
 1.639594750791979;
 0.763192379260717]
第25幅图像的旋转矩阵：
[0.04558345153887544, 0.6158086643035176, 0.7865760217007129;
 0.9983391689525721, -0.0003147633417989182, -0.05760906750786721;
 -0.03522857761662157, 0.7878956719596549, -0.6148002581541046]
第25幅图像的平移向量：
[-115.5088598461133;
 -51.07450756638198;
 244.4713971205409]

第26幅图像的旋转向量：
[1.69611563364131;
 1.655809872791738;
 0.7349879411371587]
第26幅图像的旋转矩阵：
[0.04610564148952456, 0.6347153607927742, 0.7713693541984529;
 0.997844281139215, 0.006838018055376649, -0.06526892144687113;
 -0.04670182459607908, 0.7727157642256131, -0.6330318217093229]
第26幅图像的平移向量：
[-105.5602383844687;
 -49.31533509701991;
 248.7230821178772]

第27幅图像的旋转向量：
[1.837810262220851;
 1.795890390039583;
 0.5403584890264349]
第27幅图像的旋转矩阵：
[0.04611355545143037, 0.7936125522819963, 0.6066734351066341;
 0.9966178287317322, 0.004802382587138831, -0.08203560553524325;
 -0.06801796422765932, 0.6084045150900362, -0.7907069637738007]
第27幅图像的平移向量：
[-60.21456388691693;
 -51.76101829078193;
 272.0483965986845]

第28幅图像的旋转向量：
[2.02601578760598;
 1.908587508930057;
 0.266138556489911]
第28幅图像的旋转矩阵：
[0.0781014739912953, 0.9277213538218207, 0.3650113004050629;
 0.9921864727738812, -0.0366000338902015, -0.1192746442617219;
 -0.0972942084859689, 0.3714748001981348, -0.9233310943604384]
第28幅图像的平移向量：
[-43.61342778099355;
 -52.32958815555147;
 294.7901509921317]

第29幅图像的旋转向量：
[2.128756863252927;
 2.029217086380968;
 0.1099129093144954]
第29幅图像的旋转矩阵：
[0.05575897793562645, 0.9802943156879924, 0.1895098704801028;
 0.9950286538966706, -0.03887170481703106, -0.09168952224326221;
 -0.08251614571800131, 0.1936802653716392, -0.9775883798927937]
第29幅图像的平移向量：
[-12.29421242774089;
 -48.02740040897149;
 309.6097167233143]

第30幅图像的旋转向量：
[-2.291177184755126;
 -2.167393349870371;
 0.113037915201807]
第30幅图像的旋转矩阵：
[0.05417796580853484, 0.997640809283979, -0.04216116307761124;
 0.9966141213907267, -0.05664093575506934, -0.05959947517705425;
 -0.0618469163777748, -0.03878943216905562, -0.9973316092887876]
第30幅图像的平移向量：
[21.31052062570171;
 -53.90411431056859;
 339.3371328853676]

第31幅图像的旋转向量：
[-2.222774312700585;
 -2.109146264173263;
 0.2409755460573482]
第31幅图像的旋转矩阵：
[0.04705661825918195, 0.9860185191310572, -0.1598535411200089;
 0.996664613321195, -0.05702817465459609, -0.05837324600257636;
 -0.06667325724248077, -0.1565735201947049, -0.985413319142032]
第31幅图像的平移向量：
[11.38238011353633;
 -55.90019877075689;
 360.5890157087842]

第32幅图像的旋转向量：
[-2.070723407707109;
 -2.004420374438908;
 0.4615238562295471]
第32幅图像的旋转矩阵：
[0.01900339655151717, 0.9274621206108079, -0.3734339108217268;
 0.9973822687503112, -0.04364804411729339, -0.05764944255772952;
 -0.069767334061063, -0.3713608259857768, -0.9258637351258412]
第32幅图像的平移向量：
[43.44942476499678;
 -54.97551121169304;
 382.9292740287615]

第33幅图像的旋转向量：
[-2.038427983505018;
 -1.97300741092192;
 0.5344743754008968]
第33幅图像的旋转矩阵：
[0.01339950870145523, 0.9029625556558435, -0.4295102749062319;
 0.9962921285730116, -0.04856503619716646, -0.07101712330575846;
 -0.08498498520336978, -0.4269661114686214, -0.9002652342211976]
第33幅图像的平移向量：
[23.91357722537642;
 -48.29333259806039;
 391.8327611762825]

第34幅图像的旋转向量：
[-2.00510750472828;
 -1.903011545423975;
 0.5895750899753744]
第34幅图像的旋转矩阵：
[0.03088072630691441, 0.8670593480204596, -0.4972468881281144;
 0.996312599287533, -0.06654346527351862, -0.05415876411359727;
 -0.080047393734448, -0.4937408776268459, -0.8659170633014425]
第34幅图像的平移向量：
[7.202430160590717;
 -48.6801635789989;
 391.9158157689832]

第35幅图像的旋转向量：
[-1.953102822275683;
 -1.886350764040178;
 0.659004326452594]
第35幅图像的旋转矩阵：
[0.007760863549331587, 0.8352948692296562, -0.5497474424093128;
 0.9959122297411089, -0.05593247170080473, -0.07092523712707624;
 -0.08999221993629228, -0.5469497600767832, -0.8323144599866612]
第35幅图像的平移向量：
[-6.717890188071851;
 -51.18868653576961;
 379.5207208140699]

第36幅图像的旋转向量：
[-1.949654511516213;
 -1.823331234860328;
 0.6857324468606154]
第36幅图像的旋转矩阵：
[0.03750908446002954, 0.8080807672810609, -0.5878762983259508;
 0.9952063908361893, -0.08337808536452529, -0.05111100194431722;
 -0.09031781785326995, -0.5831411222263423, -0.8073345795559767]
第36幅图像的平移向量：
[-26.83107679064626;
 -46.89215067514225;
 361.8183608613284]

第37幅图像的旋转向量：
[-1.955452275008884;
 -1.791776226349485;
 0.6637814549474543]
第37幅图像的旋转矩阵：
[0.06311842680497437, 0.8028385784446439, -0.5928459168777739;
 0.9953108456712207, -0.0942653997639068, -0.02168766692362267;
 -0.07329655303562543, -0.5886970794630582, -0.8050238281844591]
第37幅图像的平移向量：
[-51.72902727655374;
 -47.87189599018829;
 346.1847736214481]

第38幅图像的旋转向量：
[-1.995525182238641;
 -1.860837022413905;
 0.6208287357918766]
第38幅图像的旋转矩阵：
[0.04579183660989239, 0.8460987334453658, -0.5310555912162497;
 0.9954681674318702, -0.08300321915872311, -0.04640682319576364;
 -0.08334407795234622, -0.5265238825271239, -0.8460652254990962]
第38幅图像的平移向量：
[-83.71215988328484;
 -45.47445142174252;
 343.4278631292558]

第39幅图像的旋转向量：
[-2.009613243169806;
 -1.844154810783497;
 0.5382768739224466]
第39幅图像的旋转矩阵：
[0.0758639584934957, 0.8595212805064663, -0.5054382535564772;
 0.9964575787213092, -0.08380027747380192, 0.007057429006340127;
 -0.03628985547729369, -0.5041831828332223, -0.8628339148049285]
第39幅图像的平移向量：
[-96.25858026683488;
 -39.03394361282225;
 327.0156805611434]

第40幅图像的旋转向量：
[-1.944676592624195;
 -1.86857796649843;
 0.5869982876922191]
第40幅图像的旋转矩阵：
[0.02907069447206523, 0.8405202658548613, -0.5409996094362596;
 0.9988983031327411, -0.04437470118249764, -0.01526649578308037;
 -0.03683849510284887, -0.5399597842267863, -0.8408842706914668]
第40幅图像的平移向量：
[-45.74593417395999;
 -41.00648795596085;
 319.7705262413645]

第41幅图像的旋转向量：
[-1.929598287584945;
 -1.845953863019093;
 0.6288578588193113]
第41幅图像的旋转矩阵：
[0.0289443938791889, 0.8206261065954918, -0.5707319994856525;
 0.9983819331378752, -0.05169260329851488, -0.02369367738662564;
 -0.04894627306389632, -0.5691227178194056, -0.8207944897567282]
第41幅图像的平移向量：
[-25.12762879257427;
 -42.202507984504;
 323.6759646407339]

第42幅图像的旋转向量：
[-2.110039470592786;
 -2.030566485038265;
 0.5515777609524783]
第42幅图像的旋转矩阵：
[0.009301072264734978, 0.9289292637521737, -0.3701403963357287;
 0.9885336212208536, -0.06433194695301947, -0.1366114208886627;
 -0.1507141989684835, -0.3646255936520064, -0.9188761650424992]
第42幅图像的平移向量：
[-76.02738417025867;
 -26.78358485526794;
 312.2848384916197]

第43幅图像的旋转向量：
[2.249774687063348;
 2.172456686013582;
 -0.2582792942934805]
第43幅图像的旋转矩阵：
[0.0279493794525808, 0.992902272937693, -0.1156023727411306;
 0.9923297364303153, -0.04149117817375458, -0.1164481701440396;
 -0.1204181314601632, -0.1114610179790107, -0.9864461034880342]
第43幅图像的平移向量：
[-71.24968210166308;
 -43.87045420170607;
 299.6100105414017]

第44幅图像的旋转向量：
[2.173019789614197;
 2.09419739100727;
 -0.2871362259055898]
第44幅图像的旋转矩阵：
[0.03057027255355205, 0.9977605411054321, -0.0594925293545055;
 0.9769515046340639, -0.04240687388160769, -0.2092066314456301;
 -0.211261013983271, -0.05172581232406689, -0.9760600515901547]
第44幅图像的平移向量：
[-62.55401776072289;
 -15.95494588115732;
 313.3831659107506]

第45幅图像的旋转向量：
[2.080704225458572;
 2.029149297859504;
 -0.3813748871787048]
第45幅图像的旋转矩阵：
[0.01866727912131316, 0.9990982263178382, -0.03813485097331279;
 0.9447668888019124, -0.03010895920715595, -0.3263571301488856;
 -0.3272110305502579, -0.02993634486726135, -0.9444769752313852]
第45幅图像的平移向量：
[-79.31783178387371;
 -18.75376201104405;
 331.5460889784501]

第46幅图像的旋转向量：
[2.002903351148265;
 1.964587703090094;
 -0.4811965215942908]
第46幅图像的旋转矩阵：
[0.01200346789637785, 0.9994140016828401, -0.03205573269718004;
 0.9010992558818807, -0.0247079894316764, -0.4329083578626838;
 -0.4334467069981983, -0.02368899530449911, -0.9008677947922668]
第46幅图像的平移向量：
[-83.97723153844679;
 -25.19527122874467;
 335.2930115537573]

第47幅图像的旋转向量：
[1.970959695943781;
 1.884345278515041;
 -0.5602366774334979]
第47幅图像的旋转矩阵：
[0.03417803689060284, 0.998659572351221, -0.03887055885346735;
 0.8576835302786625, -0.049274386558529, -0.5118114855276417;
 -0.5130407622041696, -0.01584592630794837, -0.858217969362334]
第47幅图像的平移向量：
[-71.60955523155125;
 -39.3073890734651;
 300.0776489302507]

第48幅图像的旋转向量：
[1.891363947005393;
 1.854062809121098;
 -0.5870988512078027]
第48幅图像的旋转矩阵：
[0.01866638935400255, 0.9998178648765799, -0.003975296482247259;
 0.8198738936863186, -0.0175822469428869, -0.572274115301465;
 -0.5722397787292666, 0.007423049647976854, -0.8200527629206573]
第48幅图像的平移向量：
[-73.72685985618111;
 -45.85081199386184;
 284.754551462599]

第49幅图像的旋转向量：
[1.898288719658521;
 1.823110060881265;
 -0.606409209920172]
第49幅图像的旋转矩阵：
[0.03628579925546727, 0.9992619661638869, -0.01260411641786352;
 0.8077247376121188, -0.03675248976162893, -0.5884131225132179;
 -0.588442086378792, 0.01117038381634583, -0.8084622028911246]
第49幅图像的平移向量：
[-76.99289164846219;
 -45.08579636184153;
 267.6635989127541]

第50幅图像的旋转向量：
[1.877041986451812;
 1.826221410937095;
 -0.6092358461321065]
第50幅图像的旋转矩阵：
[0.02635697931017988, 0.9996472492753751, -0.00326904539866596;
 0.8013875772792113, -0.02308420659860178, -0.5976998162859588;
 -0.5975644405620189, 0.01313378931949477, -0.8017133171863322]
第50幅图像的平移向量：
[-73.66375486228354;
 -49.52786390656146;
 258.4912985994905]

第51幅图像的旋转向量：
[1.889267234512996;
 1.811171287398667;
 -0.6087118924273466]
第51幅图像的旋转矩阵：
[0.04005042048013763, 0.9991768992539521, -0.006441103680395965;
 0.8002523538726604, -0.0359355742244416, -0.598585670248149;
 -0.5983244386957884, 0.01881909940504878, -0.8010329004210455]
第51幅图像的平移向量：
[-75.81921273503953;
 -47.56459631854731;
 256.6035797417179]


