重投影误差1：0.365078像素

重投影误差2：0.365078像素

重投影误差3：0.0507002像素

相机内参数矩阵：
[522.7316960067875, 0, 310.1209004269073;
 0, 523.1636105744523, 179.2860308334212;
 0, 0, 1]

畸变系数：
[0.2456919368477594, -0.688547685669176, -0.001066783317314258, 0.002498567484886325, 0]


第1幅图像的旋转向量：
[2.10979648723252;
 2.095947399070131;
 -0.2580521217465734]
第1幅图像的旋转矩阵：
[0.0051791305447767, 0.9999143485758012, -0.01201965552882794;
 0.9729682627558186, -0.007814015126670459, -0.2308066308352616;
 -0.2308807836887356, -0.0104993656871112, -0.9729253964428329]
第1幅图像的平移向量：
[-90.68172989669866;
 -42.09975359962397;
 274.7996777864769]

第2幅图像的旋转向量：
[2.10114932933741;
 2.091180586524907;
 -0.271785948997979]
第2幅图像的旋转矩阵：
[0.003173339914575135, 0.9999128284742369, -0.01281660510577694;
 0.9699698376514791, -0.006194894502459358, -0.2431463290458361;
 -0.2432045311258595, -0.01166013442264999, -0.9699049424067786]
第2幅图像的平移向量：
[-90.58328082203495;
 -38.85171514233291;
 277.0922466839785]

第3幅图像的旋转向量：
[2.074539499372297;
 2.057262543730302;
 -0.305548233184147]
第3幅图像的旋转矩阵：
[0.00784869463802107, 0.9999630606648726, -0.003503612167211373;
 0.9578176681148374, -0.008524346409286676, -0.2872501525941258;
 -0.287269407768271, -0.001101282903540751, -0.9578491919589602]
第3幅图像的平移向量：
[-89.77754908436322;
 -40.12782721152983;
 279.5563974586871]

第4幅图像的旋转向量：
[2.06815018829187;
 2.045153040162082;
 -0.3218045304220294]
第4幅图像的旋转矩阵：
[0.01050429447834256, 0.9999352965646318, -0.004366060205058697;
 0.9529576639639754, -0.01133332365414574, -0.3028914763859714;
 -0.3029213602403029, -0.0009790092708006348, -0.9530150528984378]
第4幅图像的平移向量：
[-89.74257989470318;
 -44.13371737741881;
 281.2559203317688]

第5幅图像的旋转向量：
[2.063456323952674;
 2.042597832748897;
 -0.3265969544155514]
第5幅图像的旋转矩阵：
[0.009599623534438328, 0.9999476470078513, -0.003542664457626077;
 0.9511980393611831, -0.01022427739401155, -0.3084116633125477;
 -0.3084317382232882, -0.0004091396247781487, -0.95124639051159]
第5幅图像的平移向量：
[-88.34793289194353;
 -46.89088065216454;
 281.987836283593]

第6幅图像的旋转向量：
[2.072604363508297;
 2.056774232316501;
 -0.3068300449967259]
第6幅图像的旋转矩阵：
[0.007225828097317755, 0.9999694299848931, -0.002987725555682913;
 0.9573022764763273, -0.007780944722552752, -0.2889840970580667;
 -0.2889985101372489, -0.0007720070677416091, -0.9573292355002733]
第6幅图像的平移向量：
[-88.93606258224455;
 -46.75152135356771;
 282.6988742758644]

第7幅图像的旋转向量：
[2.107454593038232;
 2.088683971116795;
 -0.2455745621864182]
第7幅图像的旋转矩阵：
[0.008801630540687611, 0.9999604981912646, -0.00123828789215398;
 0.9729785502503552, -0.008849852343025266, -0.2307258565185627;
 -0.2307277010949119, 0.0008259361871594817, -0.9730180089684218]
第7幅图像的平移向量：
[-89.03216616411903;
 -44.88572573684213;
 279.204825407427]

第8幅图像的旋转向量：
[2.144672791624966;
 2.134435916057229;
 -0.189992599955635]
第8幅图像的旋转矩阵：
[0.003849093136495729, 0.9999296266221522, -0.01122168816667325;
 0.9861907147867039, -0.00565371903606926, -0.1655170973934463;
 -0.1655688936682159, -0.01042963395065521, -0.9861430749060394]
第8幅图像的平移向量：
[-87.19433978306787;
 -46.32788447341281;
 273.679233024365]

第9幅图像的旋转向量：
[2.186518038802021;
 2.185697804863317;
 -0.08619403068976551]
第9幅图像的旋转矩阵：
[0.0001929246694390985, 0.9999878245172462, -0.004930882003894924;
 0.997270677976964, -0.0005564524538972382, -0.0738301104430456;
 -0.07383195532720016, -0.004903180389396793, -0.99725864307843]
第9幅图像的平移向量：
[-85.46926322145197;
 -51.99276419963026;
 265.3939596306715]

第10幅图像的旋转向量：
[2.210227412241625;
 2.213552674772293;
 0.009414196651587501]
第10幅图像的旋转矩阵：
[-0.001466819524027385, 0.9999036945692494, 0.01380036330135977;
 0.9999849062513684, 0.001539730646412552, -0.005274134903364261;
 -0.005294875817837282, 0.01379241879809646, -0.9998908607812013]
第10幅图像的平移向量：
[-85.79381170508007;
 -49.58491581373976;
 259.3259259404893]

第11幅图像的旋转向量：
[-2.185731484347479;
 -2.195887256917764;
 -0.09349789650082571]
第11幅图像的旋转矩阵：
[-0.005099924081391372, 0.9999044874390804, 0.01284549623617225;
 0.9973774212976, 0.00415877732225578, 0.07225637727518021;
 0.07219605432510379, 0.01318030994982129, -0.9973033686745039]
第11幅图像的平移向量：
[-85.26779529616414;
 -49.15132733468432;
 254.2073321295696]

第12幅图像的旋转向量：
[-2.16250514394363;
 -2.170317217149595;
 -0.1491872854181964]
第12幅图像的旋转矩阵：
[-0.004579359606725841, 0.9998608894788512, 0.0160384274837989;
 0.9926508961765723, 0.002605656180720839, 0.1209851597333997;
 0.1209265387970757, 0.01647459396855236, -0.9925247402297489]
第12幅图像的平移向量：
[-86.54912526790946;
 -36.87647105853467;
 253.6318105596151]

第13幅图像的旋转向量：
[-2.084628943714366;
 -2.067738607555754;
 -0.3193601200239422]
第13幅图像的旋转矩阵：
[0.005198219320563635, 0.9997785853442973, 0.02039016436547123;
 0.959343218762416, -0.01074004864261002, 0.2820376570065093;
 0.2821942010929039, 0.01809507231568813, -0.9591866352422909]
第13幅图像的平移向量：
[-83.51908845410145;
 -40.15084931200663;
 243.0061646803196]

第14幅图像的旋转向量：
[-2.061339774220084;
 -2.01799583987119;
 -0.3843633552989429]
第14幅图像的旋转矩阵：
[0.01671577503873056, 0.9995332138999107, 0.02557219536469194;
 0.9389502599451172, -0.0244825940692277, 0.3431807278048089;
 0.3436466094898238, 0.01827448764143177, -0.9389212165499253]
第14幅图像的平移向量：
[-81.10927156003558;
 -29.2689905912173;
 240.5136331875624]

第15幅图像的旋转向量：
[-2.016073133563488;
 -1.967178104979501;
 -0.4836295230229272]
第15幅图像的旋转矩阵：
[0.01527439237712702, 0.9990264362605733, 0.04138686494539623;
 0.9043335749712177, -0.03146073009072115, 0.4256653704988649;
 0.4265530191163657, 0.03092575164256633, -0.903933692130156]
第15幅图像的平移向量：
[-84.67091197517841;
 -33.9941240632339;
 233.6377521712173]

第16幅图像的旋转向量：
[-1.990488423505778;
 -1.933602179585954;
 -0.5253135204042558]
第16幅图像的旋转矩阵：
[0.01850904989771873, 0.9989443758367348, 0.0420422294370838;
 0.882893588813321, -0.03606318408112064, 0.4681862424145607;
 0.4692081903635298, 0.02845313230714355, -0.8826290802810055]
第16幅图像的平移向量：
[-86.5710291005699;
 -32.17959281051513;
 230.1691185115825]

第17幅图像的旋转向量：
[-1.966623789892833;
 -1.9231452933596;
 -0.5573946029375363]
第17幅图像的旋转矩阵：
[0.01032691932220242, 0.9989204100935958, 0.04529204163818257;
 0.8683187854150549, -0.03142100742554788, 0.4950103101832197;
 0.4958990236254115, 0.03421599904731432, -0.8677058394274858]
第17幅图像的平移向量：
[-85.39500978802448;
 -33.14478114723559;
 225.1084561495151]

第18幅图像的旋转向量：
[-1.965178775172107;
 -1.915549794485574;
 -0.5668661510672939]
第18幅图像的旋转矩阵：
[0.01258624310773293, 0.9987634661270706, 0.04809496038331723;
 0.8640915454697355, -0.03506806532555373, 0.5021115731010855;
 0.5031772923455082, 0.03523875032066975, -0.8634644421999557]
第18幅图像的平移向量：
[-87.90636326673379;
 -34.25234010899548;
 225.7142087201375]

第19幅图像的旋转向量：
[-1.976057869848198;
 -1.923694122995521;
 -0.5447627935525466]
第19幅图像的旋转矩阵：
[0.01566560284333796, 0.9989523976088868, 0.04299646728525219;
 0.8731709774656637, -0.03461917043467344, 0.4861830490155665;
 0.4871622245199361, 0.02992691681199322, -0.872798571636615]
第19幅图像的平移向量：
[-88.61043526019662;
 -36.98840835140503;
 227.0756948111392]

第20幅图像的旋转向量：
[-2.001875254736606;
 -1.942150754497558;
 -0.5058046900268239]
第20幅图像的旋转矩阵：
[0.02090242228248262, 0.9990154444085204, 0.03913094141431969;
 0.8911913677260961, -0.03635762124268127, 0.4521681871472868;
 0.4531457103771532, 0.02542174680898004, -0.8910739026343243]
第20幅图像的平移向量：
[-87.57976290937383;
 -34.94410416760233;
 231.0903586259205]

第21幅图像的旋转向量：
[-2.055212703686114;
 -1.973640980511798;
 -0.4153953826362326]
第21幅图像的旋转矩阵：
[0.03557390042019937, 0.9990582951686007, 0.02483989661215966;
 0.9243124349382741, -0.04234255891127969, 0.379280411204327;
 0.3799750257942912, 0.009467341741685287, -0.9249482954268167]
第21幅图像的平移向量：
[-79.5547738932305;
 -37.21707716713135;
 235.0263623543626]

第22幅图像的旋转向量：
[-2.152605676887437;
 -2.054265777327617;
 -0.2997041984387724]
第22幅图像的旋转矩阵：
[0.04169855663668376, 0.9983248969940889, 0.04010773511629918;
 0.9681710744911017, -0.05028939648161745, 0.2451851282607903;
 0.2467914117086792, 0.02860728304569675, -0.9686462834613988]
第22幅图像的平移向量：
[-77.10410151742667;
 -32.57098250648271;
 238.8401081466571]

第23幅图像的旋转向量：
[2.186584125219563;
 2.103547240514034;
 0.2225292150729971]
第23幅图像的旋转矩阵：
[0.03552010632468161, 0.9842060818934746, 0.1734263832598089;
 0.998707979966901, -0.04126855112342331, 0.02965261267755406;
 0.03634133730498804, 0.1721490489432581, -0.9844003312427403]
第23幅图像的平移向量：
[-92.06106144844738;
 -59.57031829263975;
 238.3576891665485]

第24幅图像的旋转向量：
[2.126331393790309;
 1.995706391914904;
 0.2292892539018161]
第24幅图像的旋转矩阵：
[0.06778241574990962, 0.9634631655091412, 0.2591221195155123;
 0.9971251314981235, -0.05660232030491685, -0.05037508780090934;
 -0.03386762834855908, 0.2617917226407372, -0.9645299776092183]
第24幅图像的平移向量：
[-71.07493092836464;
 -62.22829913216287;
 252.5480568886089]

第25幅图像的旋转向量：
[2.097330532648373;
 1.951409390042059;
 0.2699442604677517]
第25幅图像的旋转矩阵：
[0.07881211525071452, 0.9469875654663008, 0.3114533694502547;
 0.9959755422566799, -0.0614231985855459, -0.06526798527634439;
 -0.04267750831785536, 0.3153438465036686, -0.9480173462316236]
第25幅图像的平移向量：
[-53.60803267934945;
 -48.32449998928048;
 264.1114791485521]

第26幅图像的旋转向量：
[2.038298134140679;
 1.925684048004511;
 0.3751145230526616]
第26幅图像的旋转矩阵：
[0.06148851567718294, 0.916311840782818, 0.3957167836736525;
 0.9978462586326192, -0.04735924043994022, -0.04538663325072478;
 -0.02284746315678596, 0.3976552687770595, -0.917250391464154]
第26幅图像的平移向量：
[-53.56334329859822;
 -44.40550785845132;
 262.9459075987922]

第27幅图像的旋转向量：
[1.985932837578065;
 1.862878553956617;
 0.4577749112915625]
第27幅图像的旋转矩阵：
[0.06915191587681802, 0.8742573696452711, 0.4805122934447124;
 0.9973938082092948, -0.05065149476835007, -0.05138109986651174;
 -0.0205816393012348, 0.4828130877458312, -0.875481535170794]
第27幅图像的平移向量：
[-55.76908262353534;
 -42.29788721031388;
 256.1625162648165]

第28幅图像的旋转向量：
[1.921210768046736;
 1.826866510140115;
 0.5559891916485727]
第28幅图像的旋转矩阵：
[0.05188344942339107, 0.826472192312909, 0.5605816827273473;
 0.9986399890134094, -0.04005596871359318, -0.03337201992258332;
 -0.005126404122587525, 0.5615507409877665, -0.8274264228781084]
第28幅图像的平移向量：
[-54.86769009135948;
 -49.63716947803383;
 241.411757563532]

第29幅图像的旋转向量：
[1.894397943814253;
 1.787564892785124;
 0.5946578080078512]
第29幅图像的旋转矩阵：
[0.05946681353283911, 0.7966388366158547, 0.6015232847393257;
 0.9982204136220604, -0.04477750722016494, -0.03938249199010246;
 -0.004438909376516142, 0.6027947734034241, -0.7978839246664026]
第29幅图像的平移向量：
[-48.40620906702656;
 -48.76450080122577;
 229.8305394404019]

第30幅图像的旋转向量：
[1.847726338626222;
 1.760273890275068;
 0.6448310145914724]
第30幅图像的旋转矩阵：
[0.04992553603375038, 0.7598180105983294, 0.6482160377699239;
 0.9987448854926499, -0.03537436796042648, -0.03545853625960577;
 -0.004011801841579454, 0.649172738846755, -0.7606304362725612]
第30幅图像的平移向量：
[-52.88542030879648;
 -42.9489288866094;
 227.2005000352982]

第31幅图像的旋转向量：
[1.80333053737737;
 1.755985321105686;
 0.685382251003032]
第31幅图像的旋转矩阵：
[0.02813763790846446, 0.7326404151601436, 0.6800340398883749;
 0.9995963675772164, -0.01795416294012075, -0.0220170379377766;
 -0.003921129858345085, 0.6803790635425897, -0.7328498854701027]
第31幅图像的平移向量：
[-49.11659821812594;
 -45.21338813396464;
 230.9665999216936]

第32幅图像的旋转向量：
[1.756246547738555;
 1.685296607168634;
 0.7366244234431916]
第32幅图像的旋转矩阵：
[0.04477808438200759, 0.6725673688769227, 0.738679942519797;
 0.9989643466965115, -0.02417092824911626, -0.03854867386548738;
 -0.008072000265698265, 0.7396410619682692, -0.6729531501242575]
第32幅图像的平移向量：
[-70.51211029473927;
 -49.38557242582463;
 226.7693457278137]

第33幅图像的旋转向量：
[1.754478168022909;
 1.675489286381886;
 0.7509437012679887]
第33幅图像的旋转矩阵：
[0.04647108817391443, 0.6640011654013597, 0.7462860646625853;
 0.9989191588850747, -0.0301604929271081, -0.03536748052560135;
 -0.0009756927114539793, 0.7471230133063966, -0.6646850765676199]
第33幅图像的平移向量：
[-87.34313181467036;
 -51.74180411887108;
 233.9548541032284]

第34幅图像的旋转向量：
[1.748094391305261;
 1.654308264172502;
 0.7446928503856259]
第34幅图像的旋转矩阵：
[0.06009067741635354, 0.6535605105761436, 0.7544851022406567;
 0.9981326473086461, -0.03103533496466815, -0.05261203626799177;
 -0.01096945141186872, 0.7562377053539986, -0.6542050168996272]
第34幅图像的平移向量：
[-105.9249223919901;
 -48.06920799342969;
 239.2136462834515]

第35幅图像的旋转向量：
[1.70809533003522;
 1.642690185252979;
 0.7596782111256134]
第35幅图像的旋转矩阵：
[0.05101249048428913, 0.6274473948904792, 0.7769861597607393;
 0.9983824192694591, -0.01248197342779056, -0.05546841653598716;
 -0.02510519285431073, 0.7785589039915342, -0.6270691846257868]
第35幅图像的平移向量：
[-118.6561969850387;
 -52.99064445340497;
 239.3577763450515]

第36幅图像的旋转向量：
[1.691801698766257;
 1.638756752974557;
 0.7645188018098623]
第36幅图像的旋转矩阵：
[0.04720928570760785, 0.6172460892504015, 0.7853524996127936;
 0.9983843396996326, -0.00426723049801736, -0.05666128295763967;
 -0.03162267517947159, 0.7867585754530817, -0.6164502821522035]
第36幅图像的平移向量：
[-117.2950361386339;
 -52.11164732434681;
 243.3190889178409]

第37幅图像的旋转向量：
[1.685753912118207;
 1.643855383488535;
 0.7625331823570471]
第37幅图像的旋转矩阵：
[0.04261578715069458, 0.6174310950607191, 0.7854697559662294;
 0.998445798785536, 0.001942194209951786, -0.05569752929137811;
 -0.03591492131468182, 0.786622571970683, -0.616388714767871]
第37幅图像的平移向量：
[-113.7729273660567;
 -50.59443961825637;
 245.31099439083]

第38幅图像的旋转向量：
[1.69819650582118;
 1.65689127656576;
 0.7349983867487119]
第38幅图像的旋转矩阵：
[0.04601013962073031, 0.6360935471088113, 0.7702389670606203;
 0.9979090388021733, 0.005770904776507435, -0.0643758257033108;
 -0.04539402305373985, 0.7715903679962516, -0.6344979800491138]
第38幅图像的平移向量：
[-105.5569196275566;
 -49.69729446420392;
 248.0861354593994]

第39幅图像的旋转向量：
[1.763664388659144;
 1.731051206883432;
 0.6255537126509961]
第39幅图像的旋转矩阵：
[0.04615658044326065, 0.7225468598463339, 0.6897793889411219;
 0.9965804395979184, 0.01406750609784591, -0.08142194226992583;
 -0.06853464446982188, 0.6911788050847549, -0.7194267592389134]
第39幅图像的平移向量：
[-77.22560485659673;
 -52.00121879230306;
 260.3716891015924]

第40幅图像的旋转向量：
[1.913372095993194;
 1.839209296761875;
 0.4838283315069168]
第40幅图像的旋转矩阵：
[0.05422974299670791, 0.8432090761621207, 0.5348435180988302;
 0.9972410864692249, -0.01854483753888103, -0.07187700924729876;
 -0.05068876041284459, 0.5372658028187531, -0.8418884170062739]
第40幅图像的平移向量：
[-61.17758216392494;
 -49.68573232165927;
 281.2575074284512]

第41幅图像的旋转向量：
[2.02807632524583;
 1.910036489091773;
 0.2639132073653582]
第41幅图像的旋转矩阵：
[0.07815435644433844, 0.9287431091851835, 0.3623922373752095;
 0.9922140372412499, -0.0371056057055158, -0.1188885121727371;
 -0.09697010297092404, 0.368862320068431, -0.9244119146590133]
第41幅图像的平移向量：
[-43.47382200532967;
 -52.77070285440914;
 294.1237571132119]

第42幅图像的旋转向量：
[2.105497677691041;
 2.007845643367204;
 0.1817541054546271]
第42幅图像的旋转矩阵：
[0.05560173665425394, 0.9682767131807595, 0.2436157909350212;
 0.9962838182979712, -0.03772940629388666, -0.07742767785698938;
 -0.06577993826879042, 0.247015583744378, -0.9667762414896108]
第42幅图像的平移向量：
[-19.5466289412734;
 -51.60064546113617;
 299.662830646259]

第43幅图像的旋转向量：
[2.177292923664181;
 2.075119147393624;
 0.04771419368303537]
第43幅图像的旋转矩阵：
[0.05199556407560013, 0.9920459886656962, 0.1146351503194465;
 0.9962664885631919, -0.04360699786081157, -0.07450847940694362;
 -0.06891694336248508, 0.1180812690898479, -0.9906095440725892]
第43幅图像的平移向量：
[-0.7482997624498748;
 -49.56064552881961;
 319.1788186090561]

第44幅图像的旋转向量：
[-2.288679986657354;
 -2.165285950290211;
 0.1177199749724211]
第44幅图像的旋转矩阵：
[0.05392472132071935, 0.9974624422410789, -0.04648441404326063;
 0.9966228269513215, -0.0566496456598421, -0.05944542409783065;
 -0.06192790348493496, -0.04312185020470263, -0.9971486553191975]
第44幅图像的平移向量：
[21.6220160931594;
 -54.41040825051991;
 338.7488491045164]

第45幅图像的旋转向量：
[-2.258040715368391;
 -2.127391411117376;
 0.1816591353595633]
第45幅图像的旋转矩阵：
[0.05618180309661169, 0.9925459224393878, -0.1081489567668528;
 0.9965124091237409, -0.06243817756494241, -0.05535785802184409;
 -0.06169784002063194, -0.1046616731727224, -0.9925922177336848]
第45幅图像的平移向量：
[5.949768914855296;
 -55.48442097100541;
 351.9894542187097]

第46幅图像的旋转向量：
[-2.173628454999217;
 -2.092094246600415;
 0.3101321311399712]
第46幅图像的旋转矩阵：
[0.03023357604004773, 0.9747893456551122, -0.2210693612355841;
 0.99700168409947, -0.04517084577472086, -0.06282703713225284;
 -0.07122901643748684, -0.2185070394501625, -0.9732322954608901]
第46幅图像的平移向量：
[22.02047490255287;
 -56.51577108766624;
 368.65445306089]

第47幅图像的旋转向量：
[-2.069589804640195;
 -2.004595243702298;
 0.4645933745415241]
第47幅图像的旋转矩阵：
[0.0180708105585029, 0.9268623288561377, -0.3749662240164249;
 0.9973134098785934, -0.04333670570263115, -0.05905838141345129;
 -0.07098878983397225, -0.3728916106407069, -0.9251553590785104]
第47幅图像的平移向量：
[43.79777438432576;
 -55.53153892490291;
 381.8951902204654]

第48幅图像的旋转向量：
[-2.061270884742389;
 -1.990969889456687;
 0.4813122162343491]
第48幅图像的旋转矩阵：
[0.02003415002181352, 0.9198771147546624, -0.3916946854165133;
 0.997220766595435, -0.04650408035758413, -0.05820750107081168;
 -0.07175914926834537, -0.3894399366535656, -0.9182522312717514]
第48幅图像的平移向量：
[25.82808556265843;
 -50.1218294089626;
 387.6949649534253]

第49幅图像的旋转向量：
[-2.027629993693532;
 -1.954278772333666;
 0.5427846308426381]
第49幅图像的旋转矩阵：
[0.01830159206909099, 0.8944545578576447, -0.4467841712229987;
 0.9967475679383148, -0.05139818434256971, -0.06206861087008361;
 -0.07848144708650065, -0.4441950816634201, -0.8924860737788778]
第49幅图像的平移向量：
[17.8306959728259;
 -47.74784404872695;
 391.0205614285128]

第50幅图像的旋转向量：
[-2.005579643192272;
 -1.904065912217341;
 0.5865732713859304]
第50幅图像的旋转矩阵：
[0.03098629920735319, 0.868001488241813, -0.4955938515270651;
 0.9964116154803342, -0.0658977845340708, -0.05311661255551081;
 -0.07876383559288805, -0.4921695829726777, -0.8669286936070332]
第50幅图像的平移向量：
[7.458643259116282;
 -49.26309730797196;
 390.9597622220977]

第51幅图像的旋转向量：
[-1.970233967033324;
 -1.899315030939549;
 0.6400541276767868]
第51幅图像的旋转矩阵：
[0.01049971709572883, 0.8477352916099219, -0.530315595942596;
 0.9958008835637657, -0.05709759437112749, -0.07155742456694503;
 -0.09094149896792736, -0.5273374062932301, -0.84477506100109]
第51幅图像的平移向量：
[-2.938245147502822;
 -52.1152900871236;
 381.9906383130105]

第52幅图像的旋转向量：
[-1.955810113072121;
 -1.877309992869231;
 0.6718166764804618]
第52幅图像的旋转矩阵：
[0.0113687672372591, 0.8308802022805495, -0.5563351872654995;
 0.9952048125709576, -0.06345698074577122, -0.0744351572191275;
 -0.09715004975351502, -0.5528212197924969, -0.8276174036232112]
第52幅图像的平移向量：
[-15.64090130166444;
 -50.10997711390053;
 376.4611474554695]

第53幅图像的旋转向量：
[-1.949787270389041;
 -1.824255657609352;
 0.6829689829729043]
第53幅图像的旋转矩阵：
[0.03762312076371377, 0.808972191758915, -0.5866417081530911;
 0.9953334592663567, -0.08253887293299056, -0.04998639134624366;
 -0.08885834597193021, -0.5820234766877785, -0.8083024600577458]
第53幅图像的平移向量：
[-26.65137281561125;
 -47.43164559913814;
 361.0025109429433]

第54幅图像的旋转向量：
[-1.956704134867137;
 -1.797658715773574;
 0.6708654374630522]
第54幅图像的旋转矩阵：
[0.05848615665852919, 0.8039598977970889, -0.5918005172466552;
 0.9951103129498101, -0.09421527826685561, -0.02964703023963788;
 -0.07959167381230914, -0.5871728570661229, -0.8055390750203006]
第54幅图像的平移向量：
[-46.79963443489696;
 -47.38246027848012;
 345.7945857674194]

第55幅图像的旋转向量：
[-1.953710698789405;
 -1.797870798787619;
 0.6581117135218264]
第55幅图像的旋转矩阵：
[0.06011145041365173, 0.8056144045533556, -0.5893827658706259;
 0.9957340709524086, -0.08980250170775939, -0.02119364601882623;
 -0.07000195335639203, -0.5855945200078035, -0.8075758692922416]
第55幅图像的平移向量：
[-54.88160780029238;
 -49.15734653288491;
 346.7072786756931]

第56幅图像的旋转向量：
[-1.99581551545556;
 -1.862029419159773;
 0.6179876995391035]
第56幅图像的旋转矩阵：
[0.0457556775675545, 0.8470664147665592, -0.5295138401825411;
 0.9955781330781184, -0.08220024339883503, -0.04546758099856243;
 -0.08204022737061711, -0.5250920004720125, -0.8470819276393975]
第56幅图像的平移向量：
[-83.6210160636617;
 -45.9897192480645;
 342.5705471790732]

第57幅图像的旋转向量：
[-2.030224269392013;
 -1.873803057937734;
 0.5596401521548183]
第57幅图像的旋转矩阵：
[0.06227923864287754, 0.8698331300046249, -0.48939924640361;
 0.9957540876163176, -0.0874567165729081, -0.02872489724405775;
 -0.06778711846257535, -0.4855323353522851, -0.8715866324685672]
第57幅图像的平移向量：
[-105.8911442744719;
 -39.87002635197875;
 324.0713535652687]

第58幅图像的旋转向量：
[-1.98528294802633;
 -1.864787941991231;
 0.5717070841115185]
第58幅图像的旋转矩阵：
[0.0489203917029668, 0.8534663375885918, -0.5188468038628981;
 0.997616726222897, -0.067059265519407, -0.0162456907611625;
 -0.04865863577966401, -0.5168155043253966, -0.854712859183099]
第58幅图像的平移向量：
[-76.33857548180714;
 -40.20583945994871;
 327.4838520495014]

第59幅图像的旋转向量：
[-1.944980047812326;
 -1.869631658549691;
 0.5839820574398725]
第59幅图像的旋转矩阵：
[0.02911608798399123, 0.8415134013738125, -0.5394510624039823;
 0.9989482954998915, -0.04361999237251168, -0.01412795750572049;
 -0.03541971680250855, -0.5384723684402931, -0.8418984214784652]
第59幅图像的平移向量：
[-45.61980458926637;
 -41.48046421312053;
 318.9894458787474]

第60幅图像的旋转向量：
[-1.937149437479134;
 -1.857968018850557;
 0.6274559455834557]
第60幅图像的旋转矩阵：
[0.02480159651902492, 0.8271627493395407, -0.5614148794921276;
 0.9981770594852278, -0.05139943857272355, -0.03163314135259343;
 -0.05502216578372615, -0.559606901154249, -0.826929668988244]
第60幅图像的平移向量：
[-27.57229115170047;
 -42.66290336991002;
 321.5577380743334]

第61幅图像的旋转向量：
[-1.927249557331941;
 -1.849959396340237;
 0.6368129515299529]
第61幅图像的旋转矩阵：
[0.02407787703315456, 0.8196937353976684, -0.5722957591904674;
 0.9982772095079807, -0.05035280758692684, -0.03011988952624356;
 -0.05350578300086367, -0.570584590501646, -0.8194939635333096]
第61幅图像的平移向量：
[-22.41151664268502;
 -42.31755248344142;
 324.0753995720121]

第62幅图像的旋转向量：
[-2.110914348285205;
 -2.032230134289232;
 0.5484225113631703]
第62幅图像的旋转矩阵：
[0.00925043848439, 0.9298439985958913, -0.367837692009738;
 0.9886587850555142, -0.0636460534198181, -0.1360256836653898;
 -0.1498940830066402, -0.3624076684609282, -0.9198871918449091]
第62幅图像的平移向量：
[-75.91901891854408;
 -27.26591542748895;
 311.4109371944984]

第63幅图像的旋转向量：
[-2.223117174107288;
 -2.174312292157337;
 0.3525972704796166]
第63幅图像的旋转矩阵：
[0.009254636774945979, 0.9856729174039638, -0.1684139293363897;
 0.9883819363043491, -0.03456886674265414, -0.1480072344157346;
 -0.1517086012242859, -0.1650875323835428, -0.9745412289719114]
第63幅图像的平移向量：
[-78.43919812245392;
 -41.6400075737116;
 303.8346689562782]

第64幅图像的旋转向量：
[2.226499006444437;
 2.156030611049717;
 -0.2891977579594213]
第64幅图像的旋转矩阵：
[0.02344402192835071, 0.9933267318135609, -0.1129264437605839;
 0.9879737573622241, -0.04028865570041706, -0.1492805378655293;
 -0.1528340034134794, -0.1080686267445025, -0.9823252716458871]
第64幅图像的平移向量：
[-52.69218667837493;
 -35.38367805895058;
 305.9172323845586]

第65幅图像的旋转向量：
[2.17209453361053;
 2.093622644756377;
 -0.2868978678407382]
第65幅图像的旋转矩阵：
[0.03048778393657647, 0.9978122813209568, -0.05866128429981934;
 0.9768093141973232, -0.0421868614539016, -0.2099138690463887;
 -0.2119293720275502, -0.0509010802020636, -0.9759585141317593]
第65幅图像的平移向量：
[-62.35877547838616;
 -16.45557094138851;
 312.4143661816761]

第66幅图像的旋转向量：
[2.156258609539886;
 2.078917893664153;
 -0.3217326736424]
第66幅图像的旋转矩阵：
[0.02874873234586461, 0.9975751886758167, -0.06338180596129493;
 0.9700669550017945, -0.04313947246094052, -0.2389750797245158;
 -0.2411298679177941, -0.05461436490705632, -0.9689549308114109]
第66幅图像的平移向量：
[-74.21085419404641;
 -15.10014126321663;
 323.6783599685174]

第67幅图像的旋转向量：
[2.055509449359257;
 2.030356211923167;
 -0.4015370281032258]
第67幅图像的旋转矩阵：
[0.00577697799388921, 0.9993159138112568, -0.03652849475178474;
 0.9379927205932626, -0.01807668482612856, -0.3461833178819378;
 -0.3466068127422023, -0.03226356876214787, -0.9374554813384057]
第67幅图像的平移向量：
[-81.21672352339597;
 -31.29636690295339;
 330.5708624874418]

第68幅图像的旋转向量：
[2.001936370945033;
 1.963854321426859;
 -0.4821984261061318]
第68幅图像的旋转矩阵：
[0.01190975172334352, 0.9994203961819401, -0.03189090010367715;
 0.9005360292962403, -0.02458279805360852, -0.4340858739687542;
 -0.4346182436958325, -0.02354904956447021, -0.9003068501968428]
第68幅图像的平移向量：
[-83.78002282620001;
 -25.68369526859182;
 334.2354528523521]

第69幅图像的旋转向量：
[1.976026943160494;
 1.890825774510827;
 -0.5445130607163948]
第69幅图像的旋转矩阵：
[0.03493399988641455, 0.9988177998411654, -0.03380263854183041;
 0.8638174949628377, -0.04718745585325246, -0.5015901508265739;
 -0.5025922313845129, -0.01167676027633599, -0.8644447363605063]
第69幅图像的平移向量：
[-73.74225199997574;
 -34.96778275534501;
 309.6487915634412]

第70幅图像的旋转向量：
[1.959675941147336;
 1.866766418516591;
 -0.5391049754105314]
第70幅图像的旋转矩阵：
[0.04423713041134902, 0.998903383195467, -0.0153332101537671;
 0.8532866743215939, -0.04576166915107394, -0.519430188823967;
 -0.5195622462402013, 0.009894477103815469, -0.8543753107415256]
第70幅图像的平移向量：
[-78.78074856979474;
 -36.05195659181088;
 288.5665380767381]

第71幅图像的旋转向量：
[1.89120468659374;
 1.854233777613028;
 -0.5876042651781792]
第71幅图像的旋转矩阵：
[0.01840662144318872, 0.9998215964597584, -0.00423928528259343;
 0.8197757731055934, -0.01751906505583511, -0.5724166002036422;
 -0.5723887473703287, 0.007060992297792223, -0.8199519890039882]
第71幅图像的平移向量：
[-73.55898271908977;
 -46.24008426836254;
 283.8745639568991]

第72幅图像的旋转向量：
[1.888481455666568;
 1.846506606144686;
 -0.596822166862723]
第72幅图像的旋转矩阵：
[0.02037369847978066, 0.9997708305504203, -0.006572578700736076;
 0.8144856887178145, -0.02040970559523847, -0.5798245482828255;
 -0.5798258146065265, 0.006459899228168475, -0.8147148546686993]
第72幅图像的平移向量：
[-75.96920253930742;
 -45.07656714107398;
 277.6710285817682]

第73幅图像的旋转向量：
[1.886880378059282;
 1.825913623999738;
 -0.6069841770199805]
第73幅图像的旋转矩阵：
[0.03044829908831581, 0.9995099461949458, -0.007264195757637038;
 0.8049338516948691, -0.0288282201992951, -0.5926638407358793;
 -0.5925828174004806, 0.01219840881089568, -0.8054171610688408]
第73幅图像的平移向量：
[-74.11600056767072;
 -46.14856889052184;
 265.7235902761264]

第74幅图像的旋转向量：
[1.877015540021729;
 1.826538280617708;
 -0.6095205892440597]
第74幅图像的旋转矩阵：
[0.0260924330424237, 0.9996534010202692, -0.003501823315867514;
 0.8014268645988013, -0.02301201717180368, -0.5976499207437573;
 -0.5975233599092686, 0.01278768525940155, -0.8017495303824287]
第74幅图像的平移向量：
[-73.5135506517248;
 -49.87781334426081;
 257.7080982517102]

第75幅图像的旋转向量：
[1.882980521468426;
 1.810901609898553;
 -0.6168521193449865]
第75幅图像的旋转矩阵：
[0.03633147464299169, 0.999307955634966, -0.007977076841174047;
 0.7963869618459685, -0.0337741928639208, -0.6038436146040944;
 -0.6036951473649701, 0.0155856889823669, -0.7970628929682599]
第75幅图像的平移向量：
[-74.32433508896513;
 -46.69508344972968;
 256.2505433354382]

第76幅图像的旋转向量：
[1.890057805526603;
 1.812913810994369;
 -0.6028698146243628]
第76幅图像的旋转矩阵：
[0.04045488775497796, 0.9991748354834113, -0.003612505146005085;
 0.8023566781206171, -0.03464030383605654, -0.5958387453207402;
 -0.5954722186063598, 0.0212060719333752, -0.8030959714636701]
第76幅图像的平移向量：
[-76.46540393162041;
 -48.2052309550866;
 256.6504209751554]


