重投影误差1：0.3329像素

重投影误差2：0.3329像素

重投影误差3：0.0456354像素

相机内参数矩阵：
[313.9859840915357, 0, 302.5693749959448;
 0, 313.5810927588382, 177.7118768463906;
 0, 0, 1]

畸变系数：
[0.1178345042593539, -0.1687770260973529, -0.002224588677944703, -0.000988898851313313, 0]


第1幅图像的旋转向量：
[2.182632619882579;
 -2.211933522882067;
 0.07731954808885307]
第1幅图像的旋转矩阵：
[-0.0136666572380526, -0.9998422130381955, 0.01134775338209727;
 -0.9981941550253081, 0.01297846342485109, -0.05865141396795796;
 0.05849488313731865, -0.01212882986990537, -0.9982140252134]
第1幅图像的平移向量：
[57.69484929999436;
 70.8049304589896;
 188.1331350191107]

第2幅图像的旋转向量：
[0.02051070226175703;
 3.126363570705893;
 -0.09256056100447649]
第2幅图像的旋转矩阵：
[-0.9998188939714626, 0.01351657576216447, 0.01339706823700366;
 0.01270031598603849, 0.9981626100819407, -0.05924614593594207;
 -0.01417325761905285, -0.059065269101849, -0.9981535015990226]
第2幅图像的平移向量：
[55.80265308592241;
 -61.08720620545441;
 195.7465872865559]

第3幅图像的旋转向量：
[2.183907613661217;
 -2.213135047263955;
 0.08140159595840524]
第3幅图像的旋转矩阵：
[-0.01372138296962033, -0.9998008591807016, 0.01449019085217363;
 -0.9981638414130264, 0.012840997865041, -0.05919505443380642;
 0.05899719777237125, -0.01527582257560732, -0.9981412624972711]
第3幅图像的平移向量：
[57.53907189143474;
 70.49604153721882;
 188.0225375787167]

第4幅图像的旋转向量：
[2.185859130423684;
 -2.215180318307719;
 0.08165846749162142]
第4幅图像的旋转矩阵：
[-0.01379779465499198, -0.9997672078535509, 0.01658767504422081;
 -0.9982750354135042, 0.0128266304177771, -0.05729250581264708;
 0.05706640458996112, -0.01734957212267006, -0.9982196240378843]
第4幅图像的平移向量：
[57.37875551070087;
 70.46043542100264;
 188.0745578016431]

第5幅图像的旋转向量：
[2.186799608498276;
 -2.215035014449716;
 0.08419347725333036]
第5幅图像的旋转矩阵：
[-0.01335399136372273, -0.9997455128091042, 0.01818187374060049;
 -0.9982410877202341, 0.01227908613737672, -0.05799961060865026;
 0.05776159365687367, -0.0189244197187762, -0.9981510229602161]
第5幅图像的平移向量：
[57.22636310567339;
 70.53042218365245;
 187.7374109258937]

第6幅图像的旋转向量：
[2.187721313179964;
 -2.216425436831347;
 0.08496495334061252]
第6幅图像的旋转矩阵：
[-0.01359506838387603, -0.999713838969794, 0.01968284247547823;
 -0.9982868043614056, 0.0124500645491612, -0.0571703780870329;
 0.05690896549341157, -0.02042635711521935, -0.9981703930599581]
第6幅图像的平移向量：
[57.14797259761264;
 70.5764637942253;
 187.5488413769016]

第7幅图像的旋转向量：
[2.187060579631394;
 -2.215539604620009;
 0.08623706165341606]
第7幅图像的旋转矩阵：
[-0.01350582097488351, -0.9997182763398955, 0.01951821589651845;
 -0.9982107442040276, 0.01234319964772534, -0.05850603027123095;
 0.05824863050266663, -0.02027346478639292, -0.9980962296643138]
第7幅图像的平移向量：
[57.05727586869635;
 70.64166905380182;
 187.0996055019829]

第8幅图像的旋转向量：
[2.186409002542378;
 -2.215097936171121;
 0.0873357023890443]
第8幅图像的旋转矩阵：
[-0.01361371261274269, -0.9997173170331508, 0.01949237935542684;
 -0.9981486543277414, 0.01243149426613144, -0.05953756641003718;
 0.05927841675193517, -0.02026681954203347, -0.998035733495066]
第8幅图像的平移向量：
[56.93752772523828;
 70.81394207476046;
 186.8312914413112]

第9幅图像的旋转向量：
[2.18764775313699;
 -2.216344364655194;
 0.08930072888390921]
第9幅图像的旋转矩阵：
[-0.01366908931509447, -0.999672278396412, 0.02164467146948315;
 -0.9981731115566892, 0.01236811775680358, -0.05913940334828172;
 0.0588523182426393, -0.02241351085572535, -0.9980150495701893]
第9幅图像的平移向量：
[56.83435086104057;
 70.92895868224775;
 186.6796666602104]

第10幅图像的旋转向量：
[2.189817344281598;
 -2.216987365611178;
 0.09030021264378123]
第10幅图像的旋转矩阵：
[-0.01301151612119311, -0.9996387011013433, 0.02351951761084765;
 -0.9982401331347627, 0.01162514360413025, -0.05815060305168552;
 0.05785617553312075, -0.02423475390018206, -0.9980307308174825]
第10幅图像的平移向量：
[56.69291122945828;
 70.92672368828769;
 186.6694023853029]

第11幅图像的旋转向量：
[2.192506049782216;
 2.165766942896851;
 -0.03418664196119751]
第11幅图像的旋转矩阵：
[0.01302192040472705, 0.9995751611863597, 0.02607540466102034;
 0.9982541684960879, -0.0114933786399769, -0.0579354582930196;
 -0.05761115056269095, 0.02678431232458896, -0.9979797372412637]
第11幅图像的平移向量：
[-77.14618415261869;
 -59.27113629381392;
 190.6220172237688]

第12幅图像的旋转向量：
[2.191440836961788;
 2.164721659931821;
 -0.03131177244613382]
第12幅图像的旋转矩阵：
[0.01308402470728565, 0.9995091991175663, 0.02846347092011605;
 0.9982677926813991, -0.01142422787931197, -0.0577139594237722;
 -0.0573604601835307, 0.02916929715853136, -0.9979273168476805]
第12幅图像的平移向量：
[-77.7016708349324;
 -59.26093845500495;
 190.3636898108559]

第13幅图像的旋转向量：
[2.193685907719889;
 2.163034040955647;
 -0.02893043120398417]
第13幅图像的旋转矩阵：
[0.01488935466651253, 0.9994615122005533, 0.02924025901728686;
 0.9983219582527033, -0.01322299808012473, -0.0563774777039623;
 -0.0559604752312072, 0.03003061690269178, -0.9979812559664341]
第13幅图像的平移向量：
[-78.38293949767906;
 -59.05745581251593;
 190.0268081552528]

第14幅图像的旋转向量：
[2.18971028633818;
 -2.222842369221307;
 0.09684312561469645]
第14幅图像的旋转矩阵：
[-0.01586413595480773, -0.9994424663954627, 0.02937831778304165;
 -0.9982105758406371, 0.01413670168738312, -0.05810163461818815;
 0.05765392848983397, -0.03024747974221873, -0.9978783064577229]
第14幅图像的平移向量：
[55.12999371836284;
 70.88727188873673;
 186.3158397109584]

第15幅图像的旋转向量：
[0.02534214228865496;
 3.110041566652919;
 -0.08878858999933852]
第15幅图像的旋转矩阵：
[-0.9994119478486044, 0.01714003943648939, 0.02969810676750037;
 0.01541780055631464, 0.9982390665098668, -0.05728051605489409;
 -0.03062760068082328, -0.05678895263715351, -0.997916311588758]
第15幅图像的平移向量：
[52.56445485079022;
 -60.82797612973671;
 193.4897161599716]

第16幅图像的旋转向量：
[0.02618142438179671;
 3.111636310190137;
 -0.08737396305840345]
第16幅图像的旋转矩阵：
[-0.9994490409479135, 0.01761336579503529, 0.02813154623667523;
 0.01600700361590734, 0.998283290466632, -0.05634046334877889;
 -0.02907559773308616, -0.0558591202981666, -0.9980152144611718]
第16幅图像的平移向量：
[52.12437927609163;
 -60.7509994489746;
 193.0439944975357]

第17幅图像的旋转向量：
[0.02739654177090739;
 3.11035382616686;
 -0.08936146946039011]
第17幅图像的旋转矩阵：
[-0.9993999820807509, 0.01845319027044601, 0.02931135591946677;
 0.01673989135932427, 0.9981960001023136, -0.0576586629832883;
 -0.03032246451515714, -0.05713339783861202, -0.9979059690156894]
第17幅图像的平移向量：
[51.65276155051676;
 -60.71475036567782;
 192.8491872264719]

第18幅图像的旋转向量：
[0.02825026950415828;
 3.109853577901653;
 -0.0881483581088847]
第18幅图像的旋转矩阵：
[-0.999374258037099, 0.01900805381140122, 0.02982928532668439;
 0.01728787882036134, 0.998230072126999, -0.05690212954906516;
 -0.03085808838360495, -0.05635083842880218, -0.997934046613142]
第18幅图像的平移向量：
[51.22570475513058;
 -60.6355964774866;
 192.3425449966492]

第19幅图像的旋转向量：
[0.02886911625518166;
 3.108666130902159;
 -0.08646147007133302]
第19幅图像的旋转矩阵：
[-0.9993287725253367, 0.01943083007721672, 0.03105555096136708;
 0.01767462772239647, 0.9982822909767362, -0.05585763203997784;
 -0.03208756671794282, -0.0552712435607269, -0.9979556491635149]
第19幅图像的平移向量：
[50.87846328421573;
 -60.53360466472107;
 191.8251891144727]

第20幅图像的旋转向量：
[2.188326817140456;
 -2.230290183781338;
 0.09921867468845212]
第20幅图像的旋转矩阵：
[-0.01991955718069549, -0.9992430551164839, 0.03341448852219571;
 -0.9982628377188141, 0.01802427587457389, -0.05609306827744009;
 0.05544833695707493, -0.03447379121408295, -0.9978662433653233]
第20幅图像的平移向量：
[53.10068211369388;
 71.31167613741358;
 184.1631726934802]

第21幅图像的旋转向量：
[2.188512449055171;
 -2.230873502978594;
 0.1016029501785681]
第21幅图像的旋转矩阵：
[-0.02014843558188673, -0.9991872773100985, 0.0349116800689255;
 -0.9982241674980747, 0.01814658075879982, -0.05673810914667629;
 0.05605846917619454, -0.03599286690994216, -0.997778513280991]
第21幅图像的平移向量：
[52.40737901834383;
 71.39828349833171;
 183.4663157305784]

第22幅图像的旋转向量：
[2.188027784290067;
 -2.233028948049899;
 0.1011023662786302]
第22幅图像的旋转矩阵：
[-0.02133151307780012, -0.9991426322381689, 0.03548192489133749;
 -0.9982610937143601, 0.01933514716791673, -0.05568609216136567;
 0.05495230046158917, -0.03660809375230909, -0.9978176647793932]
第22幅图像的平移向量：
[52.31499309676675;
 71.45952497386919;
 183.0048790238657]

第23幅图像的旋转向量：
[0.03125187038623305;
 3.105563723008481;
 -0.08739193884081467]
第23幅图像的旋转矩阵：
[-0.9991977190748874, 0.02107660463612769, 0.03405429389305996;
 0.01912816127350106, 0.9982158248686508, -0.05656218196015335;
 -0.03518567381531118, -0.05586540717484231, -0.9978181320457911]
第23幅图像的平移向量：
[49.27909547035489;
 -60.31990406848342;
 189.7536944202108]

第24幅图像的旋转向量：
[2.186690707454368;
 -2.233797674830901;
 0.09935061629273134]
第24幅图像的旋转矩阵：
[-0.02224754799598982, -0.9991617591120309, 0.03436314502949875;
 -0.9982672748400622, 0.02032852175206779, -0.05521955438766062;
 0.05447471515815581, -0.03553210283008819, -0.9978827461565362]
第24幅图像的平移向量：
[51.95727192250764;
 71.28507421090981;
 181.9253772368749]

第25幅图像的旋转向量：
[0.03249543147807765;
 3.106187999998488;
 -0.08443620639631493]
第25幅图像的旋转矩阵：
[-0.9992004455992856, 0.02182525334527169, 0.03349817652654923;
 0.01997319039732605, 0.998305188670133, -0.05466097272865396;
 -0.034634393015344, -0.05394820284963342, -0.9979429093038106]
第25幅图像的平移向量：
[48.9675008049703;
 -60.61433654091334;
 188.6363434476866]

第26幅图像的旋转向量：
[2.186586674455413;
 -2.232550706542831;
 0.09350276714827259]
第26幅图像的旋转矩阵：
[-0.02161669405546163, -0.9992867754692336, 0.03096221746605096;
 -0.9983762336347513, 0.01994371617460877, -0.05335863846122973;
 0.05270308009407143, -0.03206537942156847, -0.9980952844248634]
第26幅图像的平移向量：
[51.83877774151197;
 70.92554622338612;
 180.9736024578232]

第27幅图像的旋转向量：
[2.18840451399035;
 -2.233308857695005;
 0.09302161878054239]
第27幅图像的旋转矩阵：
[-0.02112904892397305, -0.9992638486534492, 0.03202068184571396;
 -0.9984654681247688, 0.0194506852020131, -0.05184958830654308;
 0.05118859495975833, -0.03306707757677187, -0.9981414209051629]
第27幅图像的平移向量：
[51.86334686210662;
 70.51429975553168;
 180.6311731492978]

第28幅图像的旋转向量：
[0.03074205407312028;
 3.10775935387566;
 -0.07803152128803029]
第28幅图像的旋转矩阵：
[-0.9992698331452732, 0.02058503252786542, 0.03218783934414544;
 0.01894372803666411, 0.99854485986415, -0.05049057344649599;
 -0.03318035162397621, -0.04984394922866588, -0.9982057127623541]
第28幅图像的平移向量：
[49.37780524178851;
 -61.75395865230303;
 186.7001966210087]

第29幅图像的旋转向量：
[2.201009177951477;
 2.159677619981065;
 -0.0178536280397707]
第29幅图像的旋转矩阵：
[0.01974348786824609, 0.9992834531445673, 0.03229202623352057;
 0.9986130132604945, -0.01813292769831576, -0.0494292087725868;
 -0.0488082414515497, 0.03322314260508144, -0.9982554674840752]
第29幅图像的平移向量：
[-82.25239464258146;
 -59.821790286403;
 181.6646883730446]

第30幅图像的旋转向量：
[2.19281888054055;
 -2.233609495972968;
 0.0862235821251499]
第30幅图像的旋转矩阵：
[-0.01914608343374291, -0.9993295113262138, 0.03120825662638371;
 -0.9987614559028547, 0.01768283379759195, -0.04650668330139357;
 0.04592365068194769, -0.03206002466307205, -0.9984303546700919]
第30幅图像的平移向量：
[52.49592916236567;
 69.11823542698035;
 179.180973441448]

第31幅图像的旋转向量：
[2.193034552315213;
 -2.232723668594787;
 0.08572443913869437]
第31幅图像的旋转矩阵：
[-0.01864059419456299, -0.9993563476290498, 0.0306499380358227;
 -0.9987644153398186, 0.01719960380354046, -0.04662420272682078;
 0.04606702615737277, -0.03148117028522584, -0.9984421690906733]
第31幅图像的平移向量：
[52.57747214610619;
 68.64344860003359;
 178.8697611130736]

第32幅图像的旋转向量：
[-2.206979959037789;
 2.246844412996834;
 -0.08687565271295716]
第32幅图像的旋转矩阵：
[-0.01862559029541844, -0.9993089247080627, 0.03216769163249622;
 -0.9988092444234593, 0.01714603649700197, -0.04567391691854832;
 0.04509080438832481, -0.03298009143801224, -0.9984383470842625]
第32幅图像的平移向量：
[52.57058953243179;
 68.30346469329477;
 178.5517845215602]

第33幅图像的旋转向量：
[0.02724061026086296;
 3.104659460479867;
 -0.07166718839666918]
第33幅图像的旋转矩阵：
[-0.9991987239068212, 0.01836211355854374, 0.03556322438479528;
 0.01670156425179252, 0.9987814489149466, -0.04644001566433713;
 -0.03637262562042229, -0.04580884291295487, -0.9982878252370169]
第33幅图像的平移向量：
[50.00480235479268;
 -63.92209790359591;
 184.5984185933194]

第34幅图像的旋转向量：
[2.196591482230248;
 2.159900888741796;
 -0.00947157928433068]
第34幅图像的旋转矩阵：
[0.01774650689984691, 0.999107306447365, 0.03833603652368148;
 0.998732666440874, -0.01590769368166645, -0.04774941115482512;
 -0.04709694763735717, 0.03913483723259386, -0.9981234102244183]
第34幅图像的平移向量：
[-82.14367813730902;
 -62.21466876430214;
 179.3308196350218]

第35幅图像的旋转向量：
[2.187308029848104;
 2.161672736073822;
 -0.0077842113884533]
第35幅图像的旋转矩阵：
[0.01286895418788414, 0.9989922766248275, 0.04299792160156055;
 0.998656700383617, -0.01068235612706081, -0.05070189391414385;
 -0.05019148131920977, 0.04359264285998799, -0.9977878014344858]
第35幅图像的平移向量：
[-83.17872253781169;
 -62.89657547718275;
 178.9459968707627]

第36幅图像的旋转向量：
[2.184664780720641;
 2.158472383596814;
 -0.002296223724568663]
第36幅图像的旋转矩阵：
[0.01328667691137042, 0.998738303707824, 0.04842793536245839;
 0.9986330061552197, -0.01080551422732423, -0.05114058935592785;
 -0.05055277671939883, 0.0490412231607318, -0.9975166039705092]
第36幅图像的平移向量：
[-85.97093265092113;
 -63.18242970374381;
 178.3236140261282]

第37幅图像的旋转向量：
[2.183018083527064;
 2.154742458871235;
 0.002173325121741725]
第37幅图像的旋转矩阵：
[0.01439619623159205, 0.9984838087993327, 0.05313034066932369;
 0.9985889542137606, -0.01164068560601028, -0.0518130771223749;
 -0.05111604499889068, 0.05380128255161715, -0.9972424840225532]
第37幅图像的平移向量：
[-88.79103278911327;
 -63.40184630167648;
 177.7311154325495]

第38幅图像的旋转向量：
[2.180038559060882;
 2.151788873006136;
 0.008755401348553399]
第38幅图像的旋转矩阵：
[0.01455180349830909, 0.9981450847248049, 0.05911543668668715;
 0.9985930958460295, -0.01149245918900954, -0.05176632409617925;
 -0.05099092020731036, 0.0597855603093263, -0.996908026266672]
第38幅图像的平移向量：
[-91.48423192926947;
 -63.68245351027306;
 177.0688017049843]

第39幅图像的旋转向量：
[2.179701569355425;
 2.148137917190029;
 0.01386133763574846]
第39幅图像的旋转矩阵：
[0.01618961029110744, 0.9978569025553901, 0.06339951530717305;
 0.9985919741071594, -0.012932805214242, -0.05144717483065948;
 -0.05051698493960249, 0.06414315685911387, -0.9966612712756321]
第39幅图像的平移向量：
[-94.02989568640105;
 -63.84684973824547;
 176.4697507044353]

第40幅图像的旋转向量：
[2.178401077818317;
 2.144771130155426;
 0.02046761526897955]
第40幅图像的旋转矩阵：
[0.01726733163777217, 0.9974860178537809, 0.06872760321965302;
 0.9986159731601748, -0.0137898942401008, -0.05075408324661207;
 -0.04967874200770774, 0.0695088699595505, -0.9963435851098144]
第40幅图像的平移向量：
[-96.03632265355985;
 -64.01415033956992;
 175.8521078083432]

第41幅图像的旋转向量：
[2.177263909751152;
 2.141880629659074;
 0.0257927149890156]
第41幅图像的旋转矩阵：
[0.01818321823980107, 0.9971552603647065, 0.07314887081450942;
 0.9986275784135152, -0.0145186661903165, -0.05032065146649271;
 -0.04911547827723776, 0.07396347111276086, -0.9960507390361949]
第41幅图像的平移向量：
[-97.77241834130712;
 -64.13749023752142;
 175.4173395188453]

第42幅图像的旋转向量：
[2.17774583493118;
 2.140119700311177;
 0.02966831570855844]
第42幅图像的旋转矩阵：
[0.01923803877146824, 0.9969579993845203, 0.07552910251977188;
 0.9986685869155734, -0.01554461769606474, -0.04918758348135258;
 -0.0478638837985316, 0.07637481472251115, -0.9959296844174406]
第42幅图像的平移向量：
[-99.13991225447454;
 -64.26926950878391;
 174.9126232609467]

第43幅图像的旋转向量：
[2.178077618443411;
 2.137927691040401;
 0.03358659811565673]
第43幅图像的旋转矩阵：
[0.02044000423599368, 0.9967272883685697, 0.07821073358734773;
 0.998692181131002, -0.01668825430276422, -0.04832628183637328;
 -0.04686292324039218, 0.07909623751964928, -0.9957648576022354]
第43幅图像的平移向量：
[-100.0983830598285;
 -64.39805858603503;
 174.5480476850917]

第44幅图像的旋转向量：
[2.176284576300372;
 2.137230361708326;
 0.03535909686037441]
第44幅图像的旋转矩阵：
[0.02000777130674403, 0.9965717732997909, 0.08027695652830384;
 0.9986819019703338, -0.01612492069294935, -0.0487282834662045;
 -0.04726677230628006, 0.08114608798183828, -0.9955808177345473]
第44幅图像的平移向量：
[-100.7796004666763;
 -64.59751055143357;
 174.3764615661426]

第45幅图像的旋转向量：
[2.176022038322149;
 2.136665446072046;
 0.03906267654407714]
第45幅图像的旋转矩阵：
[0.02014507042358782, 0.9963974351939394, 0.08237916773412976;
 0.9987427151757448, -0.0162723409877904, -0.04741518535404007;
 -0.04590386716835065, 0.08323077590480749, -0.995472487274899]
第45幅图像的平移向量：
[-101.6109740364256;
 -64.78969593607286;
 174.0728440978158]

第46幅图像的旋转向量：
[2.175874460050863;
 2.135475118809287;
 0.04054948998608854]
第46幅图像的旋转矩阵：
[0.02066170644182908, 0.9962761252054316, 0.08370768323495474;
 0.9987357650437098, -0.01672994652565307, -0.04740232601682277;
 -0.04582538062545767, 0.08458127000051847, -0.9953622673457294]
第46幅图像的平移向量：
[-102.0424070225545;
 -65.01275617240138;
 173.9149746900931]


