重投影误差1：0.653052像素

重投影误差2：0.653052像素

重投影误差3：0.0892071像素

相机内参数矩阵：
[538.8714061858593, 0, 603.4300052146717;
 0, 538.1784229900117, 357.6851745484936;
 0, 0, 1]

畸变系数：
[0.08423586891974816, -0.08858028646542479, -0.002635865567325265, -0.0007372124749940269, 0]


第1幅图像的旋转向量：
[0.02095882963654474;
 3.130223975379334;
 -0.08160204483157116]
第1幅图像的旋转矩阵：
[-0.9998580263679335, 0.0136479383460968, 0.009882352276753955;
 0.01311450310615624, 0.9985522303734481, -0.05216754761813541;
 -0.01058002438084817, -0.05203053906229445, -0.9985894482163266]
第1幅图像的平移向量：
[56.53658163311112;
 -61.4975825536048;
 168.141178366528]

第2幅图像的旋转向量：
[0.02047041509679694;
 3.128377973858177;
 -0.0809201010960551]
第2幅图像的旋转矩阵：
[-0.9998412099357251, 0.01339003084180309, 0.01175848580050619;
 0.01276423060961258, 0.9985772824744215, -0.05177340381841831;
 -0.01243500427059728, -0.05161509469192074, -0.9985896317650881]
第2幅图像的平移向量：
[56.45152755084188;
 -61.61478540404556;
 167.9809334700873]

第3幅图像的旋转向量：
[0.02038225533766104;
 3.1271680470214;
 -0.08019823124915568]
第3幅图像的旋转矩阵：
[-0.9998262565648176, 0.01336762693813571, 0.01299089040930096;
 0.0126841732553869, 0.9986006806778674, -0.0513399678469721;
 -0.01365900554253371, -0.05116626915990289, -0.9985967376613272]
第3幅图像的平移向量：
[56.39209141909411;
 -61.76765485349506;
 168.0495082626702]

第4幅图像的旋转向量：
[0.02075668976521214;
 3.126199237782502;
 -0.08008213538072735]
第4幅图像的旋转矩阵：
[-0.999809669014698, 0.01363536318791712, 0.01395358790611587;
 0.01290306574691737, 0.9986004779594005, -0.05128933918064434;
 -0.01463340831969217, -0.05109953316802458, -0.9985863513342045]
第4幅图像的平移向量：
[56.2145952107149;
 -61.84512839121961;
 167.902423493665]

第5幅图像的旋转向量：
[0.01991786008511528;
 3.124319252882597;
 -0.07976785816469895]
第5幅图像的旋转矩阵：
[-0.9997876931623827, 0.01315378607643998, 0.01586021793345024;
 0.0123273131088758, 0.9986160730846052, -0.05112705671754339;
 -0.01651078291774869, -0.05092068822137436, -0.9985662109036659]
第5幅图像的平移向量：
[56.12406903335085;
 -61.75942763237507;
 167.679488364135]

第6幅图像的旋转向量：
[0.02039445481468185;
 3.123682140916765;
 -0.07962961388343655]
第6幅图像的旋转矩阵：
[-0.9997732030232037, 0.01347684168650525, 0.01648991373175359;
 0.01261915386436385, 0.9986160939937032, -0.05105539905345308;
 -0.01715515877138164, -0.05083573108470755, -0.9985596772214528]
第6幅图像的平移向量：
[55.99080378012867;
 -61.73893526392158;
 167.4517111667186]

第7幅图像的旋转向量：
[0.01999540710462382;
 3.123155832381339;
 -0.08038058594346548]
第7幅图像的旋转矩阵：
[-0.999767774403382, 0.01324071980042249, 0.01700237053104632;
 0.01234859045170488, 0.9985943314963762, -0.05154486800023572;
 -0.01766096198864477, -0.05132294265211575, -0.9985259365580662]
第7幅图像的平移向量：
[55.92619297485435;
 -61.65655392583229;
 167.1939667018412]

第8幅图像的旋转向量：
[0.02008052608981328;
 3.122567736122312;
 -0.08102773874606517]
第8幅图像的旋转矩阵：
[-0.9997569896200397, 0.0133158686021077, 0.0175684190878777;
 0.01238679321596612, 0.9985717169253338, -0.05197204547269858;
 -0.01823537934074306, -0.05174179935180798, -0.9984939945438512]
第8幅图像的平移向量：
[55.79455203556738;
 -61.44794598936139;
 167.1254915321204]

第9幅图像的旋转向量：
[0.02023463510372695;
 3.120751110415223;
 -0.07996003609353873]
第9幅图像的旋转矩阵：
[-0.9997209252487642, 0.01346335321349759, 0.01941158777646454;
 0.01245161103077597, 0.9986040507430561, -0.05133134736491146;
 -0.02007558224543043, -0.0510753165414327, -0.9984930060033969]
第9幅图像的平移向量：
[55.67978347744347;
 -61.34191141434265;
 166.9397941116454]

第10幅图像的旋转向量：
[0.01928348475309949;
 3.119709474284002;
 -0.07994026696534372]
第10幅图像的旋转矩阵：
[-0.9997073442010973, 0.01288518983128112, 0.02047432131721829;
 0.01181968960090664, 0.9986114950056294, -0.05133592290355214;
 -0.02110736573158927, -0.05107889902526365, -0.9984715445050198]
第10幅图像的平移向量：
[55.62406845628576;
 -61.37641707805;
 166.7693838557442]

第11幅图像的旋转向量：
[0.01888393479807307;
 3.117708775989232;
 -0.07920826897396084]
第11幅图像的旋转矩阵：
[-0.9996663046465406, 0.01268368129358763, 0.02250341270058027;
 0.01152461584500175, 0.9986368113855626, -0.05090876324663621;
 -0.02311844683267189, -0.05063243204231472, -0.9984497454762183]
第11幅图像的平移向量：
[55.44426282950742;
 -61.30968377945385;
 166.6693521952305]

第12幅图像的旋转向量：
[0.01863947000855091;
 3.11564382565325;
 -0.07816921632948977]
第12幅图像的旋转矩阵：
[-0.9996181732935281, 0.01258004160585727, 0.02460183274687131;
 0.01133050675694686, 0.9986705667127804, -0.05028636791622615;
 -0.02520173085208456, -0.04998841600581255, -0.9984317858658592]
第12幅图像的平移向量：
[54.91139959933384;
 -61.27761937728188;
 166.6836295981439]

第13幅图像的旋转向量：
[2.192714024804686;
 -2.224023996547168;
 0.08284055983724589]
第13幅图像的旋转矩阵：
[-0.01479421666446867, -0.9995806325255914, 0.02489357814825348;
 -0.998662709647115, 0.01353804416249904, -0.04989502701207895;
 0.04953709230028168, -0.02559844604644323, -0.9984441877473377]
第13幅图像的平移向量：
[56.13245834245115;
 70.46958155124022;
 159.9523493218684]

第14幅图像的旋转向量：
[0.02370621274575486;
 3.114524630177304;
 -0.07938619166238421]
第14幅图像的旋转矩阵：
[-0.9995471271133413, 0.01587122306988393, 0.02556648113706681;
 0.01454813063032781, 0.9985859885424386, -0.05113096304475652;
 -0.02634184076007078, -0.05073586271058494, -0.9983646526497139]
第14幅图像的平移向量：
[53.68900873684969;
 -61.43703001848213;
 166.4340752720711]

第15幅图像的旋转向量：
[0.02523975556152244;
 3.114988889957988;
 -0.07677352203901744]
第15幅图像的旋转矩阵：
[-0.9995422766984055, 0.01682138876503013, 0.0251451381500259;
 0.01556223889692635, 0.9986549200530197, -0.0494587441653173;
 -0.02594328069237124, -0.04904479109865831, -0.9984595908963997]
第15幅图像的平移向量：
[53.22896015629966;
 -61.36436137245305;
 165.9430686001284]

第16幅图像的旋转向量：
[2.190076472233309;
 -2.22710952824251;
 0.08208467313166221]
第16幅图像的旋转矩阵：
[-0.01737174100125305, -0.9995434687049836, 0.02471996730974176;
 -0.9986512475711244, 0.01613577194519367, -0.04934898771372484;
 0.0489275826014535, -0.02554390402702787, -0.9984756384748884]
第16幅图像的平移向量：
[55.0798842596238;
 70.54046369925871;
 159.2220973592985]

第17幅图像的旋转向量：
[0.02718146426138518;
 3.11470559965972;
 -0.07815578312781207]
第17幅图像的旋转矩阵：
[-0.9995153239290071, 0.01808521130321046, 0.02533855487612505;
 0.0167916357402701, 0.9985896472617818, -0.05036623224697994;
 -0.02621370252860622, -0.04991634515575901, -0.9984093350355019]
第17幅图像的平移向量：
[52.32464505922055;
 -61.22557126012128;
 165.4679731495278]

第18幅图像的旋转向量：
[0.02813330233076098;
 3.113489831530893;
 -0.07754678585341328]
第18幅图像的旋转矩阵：
[-0.999472094921064, 0.01872832300552492, 0.02654771913932293;
 0.01738348861251981, 0.9985972560766859, -0.05001334301735761;
 -0.02744714553023759, -0.04952544874621739, -0.9983956551030898]
第18幅图像的平移向量：
[51.8786352991421;
 -61.16508129657262;
 165.1574800410023]

第19幅图像的旋转向量：
[0.02877021443003046;
 3.112666011024754;
 -0.07614074130714986]
第19幅图像的旋转矩阵：
[-0.9994411484816775, 0.01915092399377187, 0.02739767931432014;
 0.01778843934867176, 0.9986335973390308, -0.04913766062039886;
 -0.02830127465617368, -0.04862283800737719, -0.9984161744868441]
第19幅图像的平移向量：
[51.5465390818216;
 -61.04721422898671;
 164.6508626662546]

第20幅图像的旋转向量：
[0.02926784031361501;
 3.111533258278464;
 -0.07696742616392396]
第20幅图像的旋转矩阵：
[-0.9994036051135763, 0.01951163305199433, 0.0284908803239054;
 0.01807912137501474, 0.9986005625830596, -0.04969971608676526;
 -0.02942073174301181, -0.0491549853467775, -0.9983577554961266]
第20幅图像的平移向量：
[51.12685034659056;
 -60.96476026231207;
 164.3493413788962]

第21幅图像的旋转向量：
[0.02967594572336139;
 3.109489720161789;
 -0.0774058591286769]
第21幅图像的旋转矩阵：
[-0.9993376080328804, 0.01984045343597697, 0.030507402029276;
 0.01829795207849582, 0.9985798220297701, -0.05003522743754739;
 -0.03145679768911823, -0.04944386152444866, -0.9982814104433163]
第21幅图像的平移向量：
[50.39784878466565;
 -60.87975626842142;
 163.8395100555737]

第22幅图像的旋转向量：
[0.03169882731391158;
 3.109268605104658;
 -0.07626571044616393]
第22幅图像的旋转矩阵：
[-0.9993047903206838, 0.02113611449008684, 0.03071157284146098;
 0.0196049847728665, 0.9985901697662503, -0.04932866730680668;
 -0.03171089109738318, -0.04869227362191959, -0.9983103134172951]
第22幅图像的平移向量：
[50.13493715544179;
 -60.8387799616308;
 163.326185320587]

第23幅图像的旋转向量：
[0.03165215632411493;
 3.110135466900226;
 -0.07603150684008685]
第23幅图像的旋转矩阵：
[-0.9993320052636423, 0.02107723453950331, 0.02985453801207546;
 0.01959325897887325, 0.9985989095139022, -0.04915609952215354;
 -0.03084878374157549, -0.04853831581144766, -0.9983448224135055]
第23幅图像的平移向量：
[49.90166221392239;
 -60.85862680781593;
 162.822755761769]

第24幅图像的旋转向量：
[0.03295351368948431;
 3.110154635160936;
 -0.07563914782084502]
第24幅图像的旋转矩阵：
[-0.9993153425363144, 0.02190873202889625, 0.02981364842509015;
 0.02043354859176418, 0.998593855374744, -0.04891607199839061;
 -0.03084341523691689, -0.04827338261081088, -0.998357833778968]
第24幅图像的平移向量：
[49.66326320649677;
 -60.99945511754887;
 162.364549117648]

第25幅图像的旋转向量：
[0.03271846341796637;
 3.110911387092876;
 -0.0738501326730748]
第25幅图像的旋转矩阵：
[-0.9993399494373938, 0.02171897856392719, 0.02911960557093369;
 0.02031274735376337, 0.998652889350981, -0.04774723956293189;
 -0.03011739951272786, -0.04712422477959187, -0.9984349000738673]
第25幅图像的平移向量：
[49.58816750568895;
 -61.13826623817443;
 161.914205314998]

第26幅图像的旋转向量：
[0.0322193970839984;
 3.112842747588827;
 -0.07142338819871781]
第26幅图像的旋转矩阵：
[-0.999400519356519, 0.02132060596050508, 0.02727698061364242;
 0.02004710064081604, 0.9987338589911757, -0.04613884112642989;
 -0.02822615216102156, -0.04556435740872267, -0.9985625537081355]
第26幅图像的平移向量：
[49.62579525470904;
 -61.35510447423061;
 161.2932970154985]

第27幅图像的旋转向量：
[0.03131111133601944;
 3.112771227891091;
 -0.06982936972667451]
第27幅图像的旋转矩阵：
[-0.9994091523608994, 0.02072696317783304, 0.02741786232902276;
 0.01947659092849479, 0.9987921058334043, -0.04511088261914126;
 -0.0283197560560215, -0.04455022247193183, -0.998605662458725]
第27幅图像的平移向量：
[49.71857814374633;
 -61.77713358622347;
 160.7639119456798]

第28幅图像的旋转向量：
[0.03066296016672294;
 3.112389783581876;
 -0.06846958661936031]
第28幅图像的旋转矩阵：
[-0.9994056465886823, 0.02031070391248927, 0.02785370483862504;
 0.01906613766400617, 0.9988388718064054, -0.04424240684100789;
 -0.02871995754236444, -0.04368504864467122, -0.9986324551924384]
第28幅图像的平移向量：
[50.01271440629498;
 -62.25629043300778;
 160.2100614741092]

第29幅图像的旋转向量：
[0.02961151713401636;
 3.112016101019681;
 -0.06619160763621736]
第29幅图像的旋转矩阵：
[-0.9994063255932649, 0.0196270552428057, 0.02831563290242432;
 0.0184053201283246, 0.9989149352481397, -0.0427807939288036;
 -0.029124569613007, -0.04223423777814302, -0.9986831472514975]
第29幅图像的平移向量：
[50.28020163810336;
 -62.71576811020829;
 159.6539394526663]

第30幅图像的旋转向量：
[0.02892705244823469;
 3.113111326420241;
 -0.06424071467197567]
第30幅图像的旋转矩阵：
[-0.9994442553149413, 0.0191420015112072, 0.02729037002510911;
 0.01799988284056761, 0.9989763871951401, -0.04149918124819835;
 -0.02805681264306893, -0.04098489483565768, -0.9987657651619932]
第30幅图像的平移向量：
[50.58982507165597;
 -63.22311325931805;
 159.0404032968117]

第31幅图像的旋转向量：
[0.027900787061324;
 3.113636943620885;
 -0.06368473270959038]
第31幅图像的旋转矩阵：
[-0.9994701763490067, 0.01846513893983125, 0.02680308252455781;
 0.01735372129481982, 0.9990033977263583, -0.0411224961355001;
 -0.02753570311626789, -0.04063557524048639, -0.9987945409736516]
第31幅图像的平移向量：
[50.73966385723326;
 -63.68239937612602;
 158.746828342958]

第32幅图像的旋转向量：
[0.02789192887432325;
 3.112774392640925;
 -0.06179069654351979]
第32幅图像的旋转矩阵：
[-0.9994453077536086, 0.01846612100668979, 0.02771424154222789;
 0.01735171377724781, 0.9990519573577681, -0.039926238598262;
 -0.02842525001274621, -0.03942320223648972, -0.9988182098295634]
第32幅图像的平移向量：
[50.73769304233606;
 -64.03684453163004;
 158.3173176336212]

第33幅图像的旋转向量：
[-2.206150752291696;
 2.245128584909838;
 -0.07960899787687806]
第33幅图像的旋转矩阵：
[-0.01812710653581151, -0.9993736454860135, 0.03039283989092457;
 -0.9990164244222385, 0.0168735666685258, -0.04100568841622752;
 0.04046716870804353, -0.0311062607183643, -0.9986965549158943]
第33幅图像的平移向量：
[53.02027735163473;
 67.45904069442503;
 153.0576485788607]

第34幅图像的旋转向量：
[2.202001771300492;
 2.16530884721592;
 -0.007464276514363531]
第34幅图像的旋转矩阵：
[0.01749495921426902, 0.9992713280553374, 0.03392254896986823;
 0.9990137055380379, -0.01608547670737326, -0.04138687698117399;
 -0.04081105915373107, 0.03461315307247522, -0.9985671670374167]
第34幅图像的平移向量：
[-81.53777934987207;
 -62.67833301287575;
 153.8274002582579]

第35幅图像的旋转向量：
[2.192859255151224;
 2.167161600267375;
 -0.007098304164140547]
第35幅图像的旋转矩阵：
[0.01262821181473484, 0.9992037566098571, 0.03784681021053127;
 0.9989343939036319, -0.01092637661308238, -0.0448407289246363;
 -0.04439149628865675, 0.03837273864163026, -0.9982769795935371]
第35幅图像的平移向量：
[-82.57267698946195;
 -63.36045475535074;
 153.536947090992]

第36幅图像的旋转向量：
[2.191280983279824;
 2.164655517721779;
 -0.002056501425526573]
第36幅图像的旋转矩阵：
[0.01315535107267363, 0.999023012118061, 0.0421895484298101;
 0.9989410456083727, -0.01127049205374031, -0.04460676414757867;
 -0.0440876869092249, 0.04273168926479693, -0.9981133595917705]
第36幅图像的平移向量：
[-85.37787116661622;
 -63.63911718695397;
 152.9757225007156]

第37幅图像的旋转向量：
[2.189746086312398;
 2.161518524000908;
 0.001505162164192701]
第37幅图像的旋转矩阵：
[0.01400681529468695, 0.998837281092561, 0.04612911255292655;
 0.9989005559317916, -0.0119137607172497, -0.04534028743545203;
 -0.04473799821692748, 0.04671346920527493, -0.9979059892145903]
第37幅图像的平移向量：
[-88.18458402619392;
 -63.8680071872628;
 152.48081701216]

第38幅图像的旋转向量：
[2.187005928276264;
 2.158029896272125;
 0.006215817613514927]
第38幅图像的旋转矩阵：
[0.01451058074568468, 0.9985736651059561, 0.05138169326988924;
 0.9988530854450365, -0.01213135172903668, -0.04631785835028641;
 -0.0456284641792135, 0.05199486188157833, -0.9976044193940612]
第38幅图像的平移向量：
[-90.91396346888878;
 -64.13245161030787;
 151.9598212644921]

第39幅图像的旋转向量：
[2.186837964511864;
 2.154886350693281;
 0.01151295811857801]
第39幅图像的旋转矩阵：
[0.01595943634008445, 0.998335323984048, 0.05542451873830206;
 0.9988705499512391, -0.01343782722536779, -0.04557465567143401;
 -0.04475400352834806, 0.05608926532882008, -0.9974222142518473]
第39幅图像的平移向量：
[-93.43148296733546;
 -64.29718082490913;
 151.4155292500552]

第40幅图像的旋转向量：
[2.186490787209222;
 2.152548772007952;
 0.01655573660012112]
第40幅图像的旋转矩阵：
[0.01693570731198013, 0.9981113716017672, 0.05904973917878163;
 0.9989015680642274, -0.01430935997826821, -0.04461949726117643;
 -0.04369026363700206, 0.05974053980549158, -0.9972573533281556]
第40幅图像的平移向量：
[-95.46068029768009;
 -64.45689143762162;
 150.9226570814559]

第41幅图像的旋转向量：
[2.185821186511099;
 2.150008256809819;
 0.02063117363356543]
第41幅图像的旋转矩阵：
[0.01787419887050656, 0.9978855387991528, 0.06248971491583848;
 0.9989009585681303, -0.01511402377829218, -0.04436711909624357;
 -0.04332883550718448, 0.06321406284011792, -0.997058972314495]
第41幅图像的平移向量：
[-97.20350876161655;
 -64.57757681333079;
 150.559417561926]

第42幅图像的旋转向量：
[2.186265540566308;
 2.14822423609542;
 0.02408841782282089]
第42幅图像的旋转矩阵：
[0.01892289899359345, 0.9977246563736728, 0.06471038523850473;
 0.9989248249518146, -0.0161266711717607, -0.04346406069277617;
 -0.04232160191516519, 0.06546327627727859, -0.9969570910878657]
第42幅图像的平移向量：
[-98.59247462719098;
 -64.70757629442377;
 150.163283741266]

第43幅图像的旋转向量：
[2.186844816852126;
 2.146698902776539;
 0.02801577038670844]
第43幅图像的旋转矩阵：
[0.01989754289588885, 0.997557824016388, 0.06695129222348882;
 0.9989652912911455, -0.01709718013138684, -0.04214300923227469;
 -0.04089541028407639, 0.06772055947231714, -0.9968658341233555]
第43幅图像的平移向量：
[-99.53122047390295;
 -64.85235815395868;
 149.8338468366235]

第44幅图像的旋转向量：
[2.185690545364491;
 2.146511876951789;
 0.02933295606977178]
第44幅图像的旋转矩阵：
[0.01948514212655217, 0.997479004995561, 0.06823462339145746;
 0.998971088930212, -0.01662796909541331, -0.0421932947913377;
 -0.04095232249695756, 0.06898655837790389, -0.9967766861465397]
第44幅图像的平移向量：
[-100.2269976488924;
 -65.02666960593622;
 149.6706274476304]

第45幅图像的旋转向量：
[2.185181814031718;
 2.145293004741455;
 0.03223656896337077]
第45幅图像的旋转矩阵：
[0.01984602184215201, 0.9973205534959647, 0.070411994656757;
 0.998985899947214, -0.01693379913343684, -0.04171831916032809;
 -0.04041419458179758, 0.07116853252253258, -0.9966452392174929]
第45幅图像的平移向量：
[-101.0612324026387;
 -65.22987814100823;
 149.4032454785861]

第46幅图像的旋转向量：
[2.185277162407785;
 2.144748903258865;
 0.03448159441892162]
第46幅图像的旋转矩阵：
[0.02013766658632055, 0.9972263298698119, 0.07165278360847852;
 0.9990143025009095, -0.01723450844109808, -0.04090715239924536;
 -0.03955878894859602, 0.07240593023488456, -0.9965904291551979]
第46幅图像的平移向量：
[-101.4992166083109;
 -65.4442598383871;
 149.2646472974572]


